ATF	1.0
27	82    
"Type=GenePix Results 2"
"DateTime=2002/09/13 09:41:19"
"Settings="
"GalFile=A:\ scheiss.gal"
"PixelSize=10"
"Wavelengths=635	532"
"ImageFiles=K:\jschneid\Axon-Daten\Charge_C\Amplifikationsversuch_230702\Slide82_710-540_2002-09-13_C_532_nm_635.tif 0	K:\jschneid\Axon-Daten\Charge_C\Amplifikationsversuch_230702\Slide82_710-540_2002-09-13_C_532_nm_532.tif 0"
"NormalizationMethod=None"
"NormalizationFactors=1	1"
"JpegImage=K:\jschneid\Axon-Auswertung\Charge_C\Ampli_Vgl_100602\mit_Genpix4\Slide82_710-540_2002-09-13_C_532_nm_0635.jpg"
"RatioFormulations=W1/W2 (635/532)"
"Barcode="
"BackgroundSubtraction=LocalFeature"
"ImageOrigin=480, 4970"
"JpegOrigin=1450, 5820"
"Creator=GenePix Pro 4.0.0.54"
"Scanner=GenePix 4000B [84972]"
"FocusPosition=0"
"Temperature=30.39"
"LinesAveraged=1"
"Comment="
"PMTGain=710	540"
"ScanPower=100	100"
"LaserPower=3.53	3.37"
"LaserOnTime=7571	7557"
"ScanRegion=48,497,2088,4289"
"Supplier="
"Block"	"Column"	"Row"	"Name"	"ID"	"X"	"Y"	"Dia."	"F635 Median"	"F635 Mean"	"F635 SD"	"B635 Median"	"B635 Mean"	"B635 SD"	"% > B635+1SD"	"% > B635+2SD"	"F635 % Sat."	"F532 Median"	"F532 Mean"	"F532 SD"	"B532 Median"	"B532 Mean"	"B532 SD"	"% > B532+1SD"	"% > B532+2SD"	"F532 % Sat."	"F3 Median"	"F3 Mean"	"F3 SD"	"B3 Median"	"B3 Mean"	"B3 SD"	"% > B3+1SD"	"% > B3+2SD"	"F3 % Sat."	"F4 Median"	"F4 Mean"	"F4 SD"	"B4 Median"	"B4 Mean"	"B4 SD"	"% > B4+1SD"	"% > B4+2SD"	"F4 % Sat."	"Ratio of Medians (635/532)"	"Ratio of Means (635/532)"	"Median of Ratios (635/532)"	"Mean of Ratios (635/532)"	"Ratios SD (635/532)"	"Rgn Ratio (635/532)"	"Rgn R² (635/532)"	"Ratio of Medians (Ratio/2)"	"Ratio of Means (Ratio/2)"	"Median of Ratios (Ratio/2)"	"Mean of Ratios (Ratio/2)"	"Ratios SD (Ratio/2)"	"Rgn Ratio (Ratio/2)"	"Rgn R² (Ratio/2)"	"Ratio of Medians (Ratio/3)"	"Ratio of Means (Ratio/3)"	"Median of Ratios (Ratio/3)"	"Mean of Ratios (Ratio/3)"	"Ratios SD (Ratio/3)"	"Rgn Ratio (Ratio/3)"	"Rgn R² (Ratio/3)"	"F Pixels"	"B Pixels"	"Sum of Medians"	"Sum of Means"	"Log Ratio (635/532)"	"Log Ratio (Ratio/2)"	"Log Ratio (Ratio/3)"	"F635 Median - B635"	"F532 Median - B532"	"F3 Median - B3"	"F4 Median - B4"	"F635 Mean - B635"	"F532 Mean - B532"	"F3 Mean - B3"	"F4 Mean - B4"	"Flags"	"Normalize"
1	1	1	"IMAGp950B111"	"4"	1940	6160	150	95	104	49	97	102	45	19	6	0	167	178	120	155	158	30	22	7	0	0	0	0	0	0	0	0	0	0	0	0	0	0	0	0	0	0	0	-0.167	0.304	1.512	1.776	3.988	0.140	0.007	0.000	0.000	0.000	0.000	0.000	0.000	0.000	0.000	0.000	0.000	0.000	0.000	0.000	0.000	156	1196	10	30	Error	Error	Error	-2	12	0	0	7	23	0	0	0	0
1	2	1	"IMAGp950E031"	"8"	2210	6150	150	108	112	49	97	104	49	22	7	0	160	166	58	158	161	38	10	3	0	0	0	0	0	0	0	0	0	0	0	0	0	0	0	0	0	0	0	5.500	1.875	1.963	1.630	4.078	7.397	0.004	0.000	0.000	0.000	0.000	0.000	0.000	0.000	0.000	0.000	0.000	0.000	0.000	0.000	0.000	156	1170	13	23	2.459	Error	Error	11	2	0	0	15	8	0	0	0	0
1	3	1	"IMAGp950H241"	"12"	2480	6150	150	95	97	45	98	103	47	14	3	0	157	159	31	158	164	54	5	0	0	0	0	0	0	0	0	0	0	0	0	0	0	0	0	0	0	0	0	3.000	-1.000	1.590	1.631	4.001	0.512	0.016	0.000	0.000	0.000	0.000	0.000	0.000	0.000	0.000	0.000	0.000	0.000	0.000	0.000	0.000	156	1182	-4	0	1.585	Error	Error	-3	-1	0	0	-1	1	0	0	0	0
1	4	1	"IMAGp950J091"	"16"	2760	6150	150	108	110	43	108	113	49	13	1	0	160	162	31	159	170	102	1	0	0	0	0	0	0	0	0	0	0	0	0	0	0	0	0	0	0	0	0	0.000	0.667	1.480	1.600	4.687	0.134	0.003	0.000	0.000	0.000	0.000	0.000	0.000	0.000	0.000	0.000	0.000	0.000	0.000	0.000	0.000	156	1182	1	5	Error	Error	Error	0	1	0	0	2	3	0	0	0	0
1	5	1	"IMAGp950K211"	"20"	3030	6150	150	101	109	50	108	114	51	15	1	0	177	194	92	163	168	47	17	7	0	0	0	0	0	0	0	0	0	0	0	0	0	0	0	0	0	0	0	-0.500	0.032	1.100	0.902	5.054	0.203	0.027	0.000	0.000	0.000	0.000	0.000	0.000	0.000	0.000	0.000	0.000	0.000	0.000	0.000	0.000	156	1182	7	32	Error	Error	Error	-7	14	0	0	1	31	0	0	0	0
1	6	1	"IMAGp950N161"	"24"	3310	6150	150	105	110	49	106	110	50	16	4	0	158	156	27	161	170	62	0	0	0	0	0	0	0	0	0	0	0	0	0	0	0	0	0	0	0	0	0	0.333	-0.800	1.754	1.833	3.700	2.778	0.025	0.000	0.000	0.000	0.000	0.000	0.000	0.000	0.000	0.000	0.000	0.000	0.000	0.000	0.000	156	1170	-4	-1	-1.585	Error	Error	-1	-3	0	0	4	-5	0	0	0	0
1	7	1	"IMAGp950L074"	"100"	3580	6150	150	107	111	47	107	113	51	14	4	0	179	186	40	164	173	62	16	1	0	0	0	0	0	0	0	0	0	0	0	0	0	0	0	0	0	0	0	0.000	0.182	1.354	1.298	4.131	0.323	0.026	0.000	0.000	0.000	0.000	0.000	0.000	0.000	0.000	0.000	0.000	0.000	0.000	0.000	0.000	156	1170	15	26	Error	Error	Error	0	15	0	0	4	22	0	0	0	0
1	8	1	"IMAGp950M014"	"104"	3860	6150	150	110	121	61	106	112	65	16	5	0	186	201	79	163	175	146	5	2	0	0	0	0	0	0	0	0	0	0	0	0	0	0	0	0	0	0	0	0.174	0.395	1.308	1.280	4.401	0.111	0.041	0.000	0.000	0.000	0.000	0.000	0.000	0.000	0.000	0.000	0.000	0.000	0.000	0.000	0.000	156	1170	27	53	-2.524	Error	Error	4	23	0	0	15	38	0	0	0	0
1	9	1	"IMAGp950M144"	"108"	4130	6150	150	108	126	105	103	111	65	15	3	0	165	192	203	162	180	132	1	1	0	0	0	0	0	0	0	0	0	0	0	0	0	0	0	0	0	0	0	1.667	0.767	1.143	1.247	3.658	0.434	0.353	0.000	0.000	0.000	0.000	0.000	0.000	0.000	0.000	0.000	0.000	0.000	0.000	0.000	0.000	156	1170	8	53	0.737	Error	Error	5	3	0	0	23	30	0	0	0	0
1	10	1	"IMAGp950O014"	"112"	4410	6140	150	116	120	51	103	109	48	25	6	0	179	194	57	160	169	56	27	8	0	0	0	0	0	0	0	0	0	0	0	0	0	0	0	0	0	0	0	0.684	0.500	1.078	1.200	4.508	0.840	0.028	0.000	0.000	0.000	0.000	0.000	0.000	0.000	0.000	0.000	0.000	0.000	0.000	0.000	0.000	156	1182	32	51	-0.547	Error	Error	13	19	0	0	17	34	0	0	0	0
1	11	1	"IMAGp950B085"	"116"	4680	6140	150	209	1120	1536	110	121	59	57	47	0	611	1822	2250	169	182	84	68	62	0	0	0	0	0	0	0	0	0	0	0	0	0	0	0	0	0	0	0	0.224	0.611	0.590	0.508	2.920	0.644	0.859	0.000	0.000	0.000	0.000	0.000	0.000	0.000	0.000	0.000	0.000	0.000	0.000	0.000	0.000	156	1182	541	2663	-2.159	Error	Error	99	442	0	0	1010	1653	0	0	0	0
1	12	1	"IMAGp950C245"	"120"	4960	6140	150	109	126	69	115	125	63	23	7	0	172	189	56	168	180	79	16	5	0	0	0	0	0	0	0	0	0	0	0	0	0	0	0	0	0	0	0	-1.500	0.524	1.394	1.492	3.337	1.648	0.170	0.000	0.000	0.000	0.000	0.000	0.000	0.000	0.000	0.000	0.000	0.000	0.000	0.000	0.000	156	1182	-2	32	Error	Error	Error	-6	4	0	0	11	21	0	0	0	0
1	13	1	"IMAGp950C218"	"196"	5230	6140	150	171	194	89	128	146	139	20	0	0	291	288	82	182	208	217	7	0	0	0	0	0	0	0	0	0	0	0	0	0	0	0	0	0	0	0	0	0.394	0.623	0.837	0.664	3.560	0.912	0.204	0.000	0.000	0.000	0.000	0.000	0.000	0.000	0.000	0.000	0.000	0.000	0.000	0.000	0.000	156	1182	152	172	-1.342	Error	Error	43	109	0	0	66	106	0	0	0	0
1	14	1	"IMAGp950G088"	"200"	5510	6140	150	118	133	67	114	128	66	21	8	0	178	191	56	175	198	91	11	0	0	0	0	0	0	0	0	0	0	0	0	0	0	0	0	0	0	0	0	1.333	1.188	1.169	1.165	3.491	0.457	0.149	0.000	0.000	0.000	0.000	0.000	0.000	0.000	0.000	0.000	0.000	0.000	0.000	0.000	0.000	156	1182	7	35	0.415	Error	Error	4	3	0	0	19	16	0	0	0	0
1	15	1	"IMAGp950K138"	"204"	5780	6140	150	99	104	42	108	115	53	10	0	0	170	179	37	167	180	61	7	1	0	0	0	0	0	0	0	0	0	0	0	0	0	0	0	0	0	0	0	-3.000	-0.333	1.267	1.417	3.705	0.893	0.056	0.000	0.000	0.000	0.000	0.000	0.000	0.000	0.000	0.000	0.000	0.000	0.000	0.000	0.000	156	1170	-6	8	Error	Error	Error	-9	3	0	0	-4	12	0	0	0	0
1	16	1	"IMAGp950L148"	"208"	6060	6140	150	110	116	54	103	111	53	19	6	0	222	230	76	165	178	77	40	14	0	0	0	0	0	0	0	0	0	0	0	0	0	0	0	0	0	0	0	0.123	0.200	0.681	0.716	4.621	0.130	0.008	0.000	0.000	0.000	0.000	0.000	0.000	0.000	0.000	0.000	0.000	0.000	0.000	0.000	0.000	156	1208	64	78	-3.026	Error	Error	7	57	0	0	13	65	0	0	0	0
1	1	2	"IMAGp950M138"	"212"	1940	6430	150	119	123	53	96	104	47	27	9	0	188	210	70	159	164	44	44	28	0	0	0	0	0	0	0	0	0	0	0	0	0	0	0	0	0	0	0	0.793	0.529	0.852	0.828	3.565	0.289	0.012	0.000	0.000	0.000	0.000	0.000	0.000	0.000	0.000	0.000	0.000	0.000	0.000	0.000	0.000	156	1158	52	78	-0.334	Error	Error	23	29	0	0	27	51	0	0	0	0
1	2	2	"IMAGp950N178"	"216"	2210	6430	150	112	117	53	97	105	50	27	9	0	192	213	70	157	164	49	42	26	0	0	0	0	0	0	0	0	0	0	0	0	0	0	0	0	0	0	0	0.429	0.357	0.886	0.906	3.796	0.335	0.016	0.000	0.000	0.000	0.000	0.000	0.000	0.000	0.000	0.000	0.000	0.000	0.000	0.000	0.000	156	1144	50	76	-1.222	Error	Error	15	35	0	0	20	56	0	0	0	0
1	3	2	"IMAGp950J0111"	"292"	2490	6430	150	194	197	89	100	105	51	66	44	0	512	446	199	154	158	42	78	73	0	0	0	0	0	0	0	0	0	0	0	0	0	0	0	0	0	0	0	0.263	0.332	0.317	0.354	2.650	0.333	0.388	0.000	0.000	0.000	0.000	0.000	0.000	0.000	0.000	0.000	0.000	0.000	0.000	0.000	0.000	156	1144	452	389	-1.929	Error	Error	94	358	0	0	97	292	0	0	0	0
1	4	2	"IMAGp950K1511"	"296"	2760	6430	150	107	113	52	102	107	49	14	3	0	166	174	67	157	164	96	3	1	0	0	0	0	0	0	0	0	0	0	0	0	0	0	0	0	0	0	0	0.556	0.647	1.022	1.196	4.478	0.121	0.057	0.000	0.000	0.000	0.000	0.000	0.000	0.000	0.000	0.000	0.000	0.000	0.000	0.000	0.000	156	1144	14	28	-0.848	Error	Error	5	9	0	0	11	17	0	0	0	0
1	5	2	"IMAGp950M0411"	"300"	3040	6430	150	110	122	127	102	108	48	20	6	0	158	170	106	158	164	76	3	1	0	0	0	0	0	0	0	0	0	0	0	0	0	0	0	0	0	0	0	100000.000	1.667	1.512	1.555	4.119	1.528	0.239	0.000	0.000	0.000	0.000	0.000	0.000	0.000	0.000	0.000	0.000	0.000	0.000	0.000	0.000	156	1144	8	32	16.610	Error	Error	8	0	0	0	20	12	0	0	0	0
1	6	2	"IMAGp950N1511"	"304"	3310	6420	150	112	120	53	103	107	47	30	9	0	186	222	119	161	166	76	24	12	0	0	0	0	0	0	0	0	0	0	0	0	0	0	0	0	0	0	0	0.360	0.279	0.710	0.827	4.685	0.125	0.052	0.000	0.000	0.000	0.000	0.000	0.000	0.000	0.000	0.000	0.000	0.000	0.000	0.000	0.000	156	1144	34	78	-1.474	Error	Error	9	25	0	0	17	61	0	0	0	0
1	7	2	"IMAGp950P0511"	"308"	3590	6420	150	150	169	99	107	112	50	44	27	0	234	319	187	162	168	54	55	46	0	0	0	0	0	0	0	0	0	0	0	0	0	0	0	0	0	0	0	0.597	0.395	0.603	0.695	4.255	0.407	0.292	0.000	0.000	0.000	0.000	0.000	0.000	0.000	0.000	0.000	0.000	0.000	0.000	0.000	0.000	156	1144	115	219	-0.744	Error	Error	43	72	0	0	62	157	0	0	0	0
1	8	2	"IMAGp950A1012"	"312"	3860	6420	150	105	110	50	109	113	52	14	3	0	168	178	53	161	170	104	1	0	0	0	0	0	0	0	0	0	0	0	0	0	0	0	0	0	0	0	0	-0.571	0.059	1.333	1.334	3.773	0.386	0.025	0.000	0.000	0.000	0.000	0.000	0.000	0.000	0.000	0.000	0.000	0.000	0.000	0.000	0.000	156	1144	3	18	Error	Error	Error	-4	7	0	0	1	17	0	0	0	0
1	9	2	"IMAGp950J0514"	"388"	4140	6420	150	118	3131	12644	105	109	49	25	13	3	187	2952	12160	160	169	61	30	18	1	0	0	0	0	0	0	0	0	0	0	0	0	0	0	0	0	0	0	0.481	1.084	0.742	0.819	3.909	1.046	0.841	0.000	0.000	0.000	0.000	0.000	0.000	0.000	0.000	0.000	0.000	0.000	0.000	0.000	0.000	156	1144	40	5818	-1.054	Error	Error	13	27	0	0	3026	2792	0	0	0	0
1	10	2	"IMAGp950L1114"	"392"	4410	6420	150	109	113	47	104	110	48	19	4	0	171	223	192	162	168	43	23	12	0	0	0	0	0	0	0	0	0	0	0	0	0	0	0	0	0	0	0	0.556	0.148	1.049	0.892	5.347	0.127	0.040	0.000	0.000	0.000	0.000	0.000	0.000	0.000	0.000	0.000	0.000	0.000	0.000	0.000	0.000	156	1144	14	70	-0.848	Error	Error	5	9	0	0	9	61	0	0	0	0
1	11	2	"IMAGp950M2214"	"396"	4690	6420	150	107	117	59	106	112	49	24	8	0	189	197	48	165	170	42	39	11	0	0	0	0	0	0	0	0	0	0	0	0	0	0	0	0	0	0	0	0.042	0.344	1.292	1.182	4.850	3.069	0.016	0.000	0.000	0.000	0.000	0.000	0.000	0.000	0.000	0.000	0.000	0.000	0.000	0.000	0.000	156	1144	25	43	-4.585	Error	Error	1	24	0	0	11	32	0	0	0	0
1	12	2	"IMAGp950O1414"	"400"	4960	6420	150	107	115	49	108	115	52	16	4	0	181	191	48	173	178	37	30	13	0	0	0	0	0	0	0	0	0	0	0	0	0	0	0	0	0	0	0	-0.125	0.389	1.080	1.007	4.384	2.820	0.017	0.000	0.000	0.000	0.000	0.000	0.000	0.000	0.000	0.000	0.000	0.000	0.000	0.000	0.000	156	1144	7	25	Error	Error	Error	-1	8	0	0	7	18	0	0	0	0
1	13	2	"IMAGp950A0815"	"404"	5240	6420	150	123	126	52	117	124	55	15	5	0	195	198	42	179	186	45	21	6	0	0	0	0	0	0	0	0	0	0	0	0	0	0	0	0	0	0	0	0.375	0.474	0.974	0.995	3.336	0.939	0.041	0.000	0.000	0.000	0.000	0.000	0.000	0.000	0.000	0.000	0.000	0.000	0.000	0.000	0.000	156	1144	22	28	-1.415	Error	Error	6	16	0	0	9	19	0	0	0	0
1	14	2	"IMAGp950C0915"	"408"	5510	6420	150	125	135	63	117	127	63	19	6	0	213	320	187	179	204	195	37	10	0	0	0	0	0	0	0	0	0	0	0	0	0	0	0	0	0	0	0	0.235	0.128	0.393	0.531	5.175	0.253	0.104	0.000	0.000	0.000	0.000	0.000	0.000	0.000	0.000	0.000	0.000	0.000	0.000	0.000	0.000	156	1144	42	159	-2.087	Error	Error	8	34	0	0	18	141	0	0	0	0
1	15	2	"IMAGp950K1817"	"484"	5790	6410	150	126	139	69	115	124	62	23	7	0	220	235	70	172	189	69	44	17	0	0	0	0	0	0	0	0	0	0	0	0	0	0	0	0	0	0	0	0.229	0.381	0.699	0.661	3.502	1.167	0.247	0.000	0.000	0.000	0.000	0.000	0.000	0.000	0.000	0.000	0.000	0.000	0.000	0.000	0.000	156	1144	59	87	-2.126	Error	Error	11	48	0	0	24	63	0	0	0	0
1	16	2	"IMAGp950N0117"	"488"	6060	6410	150	178	184	82	114	124	70	46	19	0	687	934	747	169	189	77	87	71	0	0	0	0	0	0	0	0	0	0	0	0	0	0	0	0	0	0	0	0.124	0.092	0.223	0.222	5.058	0.041	0.068	0.000	0.000	0.000	0.000	0.000	0.000	0.000	0.000	0.000	0.000	0.000	0.000	0.000	0.000	156	1170	582	835	-3.017	Error	Error	64	518	0	0	70	765	0	0	0	0
1	1	3	"IMAGp950B0118"	"492"	1940	6700	150	131	141	75	97	104	49	41	22	0	246	264	153	161	174	221	10	0	0	0	0	0	0	0	0	0	0	0	0	0	0	0	0	0	0	0	0	0.400	0.427	0.578	0.586	3.276	0.065	0.093	0.000	0.000	0.000	0.000	0.000	0.000	0.000	0.000	0.000	0.000	0.000	0.000	0.000	0.000	156	1170	119	147	-1.322	Error	Error	34	85	0	0	44	103	0	0	0	0
1	2	3	"IMAGp950E0518"	"496"	2210	6700	150	393	2657	3183	99	111	136	55	50	0	688	3056	3563	160	199	415	51	44	0	0	0	0	0	0	0	0	0	0	0	0	0	0	0	0	0	0	0	0.557	0.883	0.841	0.975	2.550	0.861	0.940	0.000	0.000	0.000	0.000	0.000	0.000	0.000	0.000	0.000	0.000	0.000	0.000	0.000	0.000	156	1144	822	5454	-0.845	Error	Error	294	528	0	0	2558	2896	0	0	0	0
1	3	3	"IMAGp950G1218"	"500"	2490	6700	150	130	145	79	100	111	136	12	1	0	217	272	136	159	188	354	5	0	0	0	0	0	0	0	0	0	0	0	0	0	0	0	0	0	0	0	0	0.517	0.398	0.619	0.719	3.596	0.435	0.215	0.000	0.000	0.000	0.000	0.000	0.000	0.000	0.000	0.000	0.000	0.000	0.000	0.000	0.000	156	1144	88	158	-0.951	Error	Error	30	58	0	0	45	113	0	0	0	0
1	4	3	"IMAGp950I0318"	"504"	2760	6700	150	105	104	43	103	109	50	11	2	0	159	160	27	161	169	54	5	0	0	0	0	0	0	0	0	0	0	0	0	0	0	0	0	0	0	0	0	-1.000	-1.000	2.000	1.727	3.667	0.733	0.010	0.000	0.000	0.000	0.000	0.000	0.000	0.000	0.000	0.000	0.000	0.000	0.000	0.000	0.000	156	1144	0	0	Error	Error	Error	2	-2	0	0	1	-1	0	0	0	0
1	5	3	"IMAGp950B0121"	"580"	3040	6700	150	120	121	48	105	109	48	26	5	0	190	232	122	160	166	57	35	16	0	0	0	0	0	0	0	0	0	0	0	0	0	0	0	0	0	0	0	0.500	0.222	0.810	0.806	4.484	0.212	0.021	0.000	0.000	0.000	0.000	0.000	0.000	0.000	0.000	0.000	0.000	0.000	0.000	0.000	0.000	156	1144	45	88	-1.000	Error	Error	15	30	0	0	16	72	0	0	0	0
1	6	3	"IMAGp950B0521"	"584"	3310	6700	150	106	111	48	101	108	50	17	3	0	164	166	31	161	168	88	1	0	0	0	0	0	0	0	0	0	0	0	0	0	0	0	0	0	0	0	0	1.667	2.000	1.563	1.635	3.880	0.315	0.037	0.000	0.000	0.000	0.000	0.000	0.000	0.000	0.000	0.000	0.000	0.000	0.000	0.000	0.000	156	1144	8	15	0.737	Error	Error	5	3	0	0	10	5	0	0	0	0
1	7	3	"IMAGp950B0921"	"588"	3590	6700	150	174	191	101	105	109	49	57	35	0	252	280	125	161	164	38	59	50	0	0	0	0	0	0	0	0	0	0	0	0	0	0	0	0	0	0	0	0.758	0.723	0.696	0.781	3.026	0.764	0.341	0.000	0.000	0.000	0.000	0.000	0.000	0.000	0.000	0.000	0.000	0.000	0.000	0.000	0.000	156	1144	160	205	-0.399	Error	Error	69	91	0	0	86	119	0	0	0	0
1	8	3	"IMAGp950B1321"	"592"	3860	6700	150	122	120	52	106	112	52	21	4	0	172	178	45	163	175	211	0	0	0	0	0	0	0	0	0	0	0	0	0	0	0	0	0	0	0	0	0	1.778	0.933	1.491	1.606	4.555	0.069	0.106	0.000	0.000	0.000	0.000	0.000	0.000	0.000	0.000	0.000	0.000	0.000	0.000	0.000	0.000	156	1144	25	29	0.830	Error	Error	16	9	0	0	14	15	0	0	0	0
1	9	3	"IMAGp950B1721"	"596"	4140	6700	150	175	188	104	109	115	56	53	28	0	289	346	200	163	181	217	39	12	0	0	0	0	0	0	0	0	0	0	0	0	0	0	0	0	0	0	0	0.524	0.432	0.517	0.609	3.289	0.427	0.375	0.000	0.000	0.000	0.000	0.000	0.000	0.000	0.000	0.000	0.000	0.000	0.000	0.000	0.000	156	1144	192	262	-0.933	Error	Error	66	126	0	0	79	183	0	0	0	0
1	10	3	"IMAGp950B2121"	"600"	4410	6690	150	110	110	49	105	113	53	14	3	0	176	192	78	164	178	71	15	5	0	0	0	0	0	0	0	0	0	0	0	0	0	0	0	0	0	0	0	0.417	0.179	0.831	0.829	4.450	0.004	0.002	0.000	0.000	0.000	0.000	0.000	0.000	0.000	0.000	0.000	0.000	0.000	0.000	0.000	0.000	156	1144	17	33	-1.263	Error	Error	5	12	0	0	5	28	0	0	0	0
1	11	3	"IMAGp950H2021"	"676"	4690	6690	150	124	128	61	106	112	49	28	11	0	191	204	60	164	176	63	25	8	0	0	0	0	0	0	0	0	0	0	0	0	0	0	0	0	0	0	0	0.667	0.550	1.086	0.965	3.226	1.424	0.070	0.000	0.000	0.000	0.000	0.000	0.000	0.000	0.000	0.000	0.000	0.000	0.000	0.000	0.000	156	1144	45	62	-0.585	Error	Error	18	27	0	0	22	40	0	0	0	0
1	12	3	"IMAGp950H2421"	"680"	4960	6690	150	143	158	84	105	301	2895	0	0	0	222	288	154	170	338	2604	0	0	0	0	0	0	0	0	0	0	0	0	0	0	0	0	0	0	0	0	0	0.731	0.449	0.689	0.715	3.460	0.285	0.159	0.000	0.000	0.000	0.000	0.000	0.000	0.000	0.000	0.000	0.000	0.000	0.000	0.000	0.000	156	1144	90	171	-0.453	Error	Error	38	52	0	0	53	118	0	0	0	0
1	13	3	"IMAGp950J0221"	"684"	5240	6690	150	107	128	102	114	342	2993	0	0	0	168	206	255	175	385	2662	0	0	0	0	0	0	0	0	0	0	0	0	0	0	0	0	0	0	0	0	0	1.000	0.452	1.921	1.719	4.370	1.092	0.856	0.000	0.000	0.000	0.000	0.000	0.000	0.000	0.000	0.000	0.000	0.000	0.000	0.000	0.000	156	1144	-14	45	0.000	Error	Error	-7	-7	0	0	14	31	0	0	0	0
1	14	3	"IMAGp950J0621"	"688"	5510	6690	150	118	124	53	113	128	137	1	0	0	189	199	50	179	217	314	0	0	0	0	0	0	0	0	0	0	0	0	0	0	0	0	0	0	0	0	0	0.500	0.550	1.076	1.130	3.270	0.203	0.095	0.000	0.000	0.000	0.000	0.000	0.000	0.000	0.000	0.000	0.000	0.000	0.000	0.000	0.000	156	1144	15	31	-1.000	Error	Error	5	10	0	0	11	20	0	0	0	0
1	15	3	"IMAGp950J1021"	"692"	5790	6690	150	103	111	49	107	114	52	14	3	0	175	181	40	175	190	79	3	1	0	0	0	0	0	0	0	0	0	0	0	0	0	0	0	0	0	0	0	100000.000	0.667	1.354	1.215	4.103	0.197	0.049	0.000	0.000	0.000	0.000	0.000	0.000	0.000	0.000	0.000	0.000	0.000	0.000	0.000	0.000	156	1144	-4	10	16.610	Error	Error	-4	0	0	0	4	6	0	0	0	0
1	16	3	"IMAGp950J1421"	"696"	6060	6690	150	150	154	67	109	119	69	32	9	0	241	244	72	167	182	73	51	14	0	0	0	0	0	0	0	0	0	0	0	0	0	0	0	0	0	0	0	0.554	0.584	0.836	0.688	2.937	1.375	0.300	0.000	0.000	0.000	0.000	0.000	0.000	0.000	0.000	0.000	0.000	0.000	0.000	0.000	0.000	156	1170	115	122	-0.852	Error	Error	41	74	0	0	45	77	0	0	0	0
1	1	4	"IMAGp950A0422"	"772"	1940	6980	150	175	184	100	98	105	50	60	42	0	420	387	172	158	173	223	61	10	0	0	0	0	0	0	0	0	0	0	0	0	0	0	0	0	0	0	0	0.294	0.376	0.454	0.517	3.782	0.354	0.323	0.000	0.000	0.000	0.000	0.000	0.000	0.000	0.000	0.000	0.000	0.000	0.000	0.000	0.000	156	1170	339	315	-1.767	Error	Error	77	262	0	0	86	229	0	0	0	0
1	2	4	"IMAGp950A0822"	"776"	2210	6980	150	117	123	57	100	106	48	25	11	0	175	199	69	161	171	67	26	9	0	0	0	0	0	0	0	0	0	0	0	0	0	0	0	0	0	0	0	1.214	0.605	0.884	0.977	4.267	1.279	0.040	0.000	0.000	0.000	0.000	0.000	0.000	0.000	0.000	0.000	0.000	0.000	0.000	0.000	0.000	156	1144	31	61	0.280	Error	Error	17	14	0	0	23	38	0	0	0	0
1	3	4	"IMAGp950A1222"	"780"	2490	6980	150	115	120	52	102	107	47	28	7	0	189	200	56	162	169	50	36	16	0	0	0	0	0	0	0	0	0	0	0	0	0	0	0	0	0	0	0	0.481	0.474	0.946	1.000	3.517	2.677	0.019	0.000	0.000	0.000	0.000	0.000	0.000	0.000	0.000	0.000	0.000	0.000	0.000	0.000	0.000	156	1144	40	56	-1.054	Error	Error	13	27	0	0	18	38	0	0	0	0
1	4	4	"IMAGp950A1622"	"784"	2760	6980	150	111	124	119	105	109	47	17	5	0	162	192	190	161	165	40	18	5	0	0	0	0	0	0	0	0	0	0	0	0	0	0	0	0	0	0	0	6.000	0.613	1.222	1.030	4.623	0.597	0.423	0.000	0.000	0.000	0.000	0.000	0.000	0.000	0.000	0.000	0.000	0.000	0.000	0.000	0.000	156	1144	7	50	2.585	Error	Error	6	1	0	0	19	31	0	0	0	0
1	5	4	"IMAGp950A2022"	"788"	3040	6980	150	122	120	48	103	109	47	24	3	0	203	240	108	162	167	94	33	16	0	0	0	0	0	0	0	0	0	0	0	0	0	0	0	0	0	0	0	0.463	0.218	0.460	0.517	4.327	0.323	0.402	0.000	0.000	0.000	0.000	0.000	0.000	0.000	0.000	0.000	0.000	0.000	0.000	0.000	0.000	156	1144	60	95	-1.110	Error	Error	19	41	0	0	17	78	0	0	0	0
1	6	4	"IMAGp950A2422"	"792"	3310	6970	150	100	112	51	103	110	49	21	7	0	205	206	46	164	169	96	13	0	0	0	0	0	0	0	0	0	0	0	0	0	0	0	0	0	0	0	0	-0.073	0.214	1.030	0.976	3.723	5.378	0.012	0.000	0.000	0.000	0.000	0.000	0.000	0.000	0.000	0.000	0.000	0.000	0.000	0.000	0.000	156	1144	38	51	Error	Error	Error	-3	41	0	0	9	42	0	0	0	0
1	7	4	"IMAGp950E0422"	"868"	3590	6970	150	164	170	77	105	110	49	53	30	0	263	264	103	162	164	32	64	58	0	0	0	0	0	0	0	0	0	0	0	0	0	0	0	0	0	0	0	0.584	0.637	0.698	0.769	3.241	0.775	0.252	0.000	0.000	0.000	0.000	0.000	0.000	0.000	0.000	0.000	0.000	0.000	0.000	0.000	0.000	156	1144	160	167	-0.776	Error	Error	59	101	0	0	65	102	0	0	0	0
1	8	4	"IMAGp950E0822"	"872"	3860	6970	150	130	143	86	109	113	49	32	12	0	219	271	392	161	166	41	57	41	0	0	0	0	0	0	0	0	0	0	0	0	0	0	0	0	0	0	0	0.362	0.309	0.514	0.544	3.522	0.134	0.150	0.000	0.000	0.000	0.000	0.000	0.000	0.000	0.000	0.000	0.000	0.000	0.000	0.000	0.000	156	1144	79	144	-1.466	Error	Error	21	58	0	0	34	110	0	0	0	0
1	9	4	"IMAGp950E1222"	"876"	4140	6970	150	1010	1101	916	110	119	128	69	63	0	1085	1080	813	160	173	154	69	63	0	0	0	0	0	0	0	0	0	0	0	0	0	0	0	0	0	0	0	0.973	1.077	1.060	1.081	2.044	1.104	0.894	0.000	0.000	0.000	0.000	0.000	0.000	0.000	0.000	0.000	0.000	0.000	0.000	0.000	0.000	156	1144	1825	1911	-0.040	Error	Error	900	925	0	0	991	920	0	0	0	0
1	10	4	"IMAGp950E1622"	"880"	4410	6970	150	107	108	46	110	117	55	10	1	0	166	170	43	163	176	92	2	0	0	0	0	0	0	0	0	0	0	0	0	0	0	0	0	0	0	0	0	-1.000	-0.286	1.615	1.418	3.820	0.256	0.015	0.000	0.000	0.000	0.000	0.000	0.000	0.000	0.000	0.000	0.000	0.000	0.000	0.000	0.000	156	1144	0	5	Error	Error	Error	-3	3	0	0	-2	7	0	0	0	0
1	11	4	"IMAGp950E2022"	"884"	4690	6970	150	126	137	66	104	111	48	35	16	0	207	246	105	162	169	58	42	35	0	0	0	0	0	0	0	0	0	0	0	0	0	0	0	0	0	0	0	0.489	0.393	0.619	0.835	4.363	0.422	0.112	0.000	0.000	0.000	0.000	0.000	0.000	0.000	0.000	0.000	0.000	0.000	0.000	0.000	0.000	156	1144	67	117	-1.032	Error	Error	22	45	0	0	33	84	0	0	0	0
1	12	4	"IMAGp950E2422"	"888"	4960	6970	150	106	113	45	101	110	59	15	1	0	178	188	59	166	172	47	15	7	0	0	0	0	0	0	0	0	0	0	0	0	0	0	0	0	0	0	0	0.417	0.545	1.105	1.205	4.735	1.242	0.068	0.000	0.000	0.000	0.000	0.000	0.000	0.000	0.000	0.000	0.000	0.000	0.000	0.000	0.000	156	1144	17	34	-1.263	Error	Error	5	12	0	0	12	22	0	0	0	0
1	13	4	"IMAGp950I0422"	"964"	5240	6970	150	914	1091	909	116	345	2993	1	0	0	946	957	692	184	389	2656	0	0	0	0	0	0	0	0	0	0	0	0	0	0	0	0	0	0	0	0	0	1.047	1.261	1.175	1.259	2.252	1.278	0.858	0.000	0.000	0.000	0.000	0.000	0.000	0.000	0.000	0.000	0.000	0.000	0.000	0.000	0.000	156	1144	1560	1748	0.067	Error	Error	798	762	0	0	975	773	0	0	0	0
1	14	4	"IMAGp950I0822"	"968"	5510	6970	150	117	126	52	115	136	179	0	0	0	178	186	44	185	215	195	0	0	0	0	0	0	0	0	0	0	0	0	0	0	0	0	0	0	0	0	0	-0.286	11.000	1.777	1.453	5.146	0.245	0.726	0.000	0.000	0.000	0.000	0.000	0.000	0.000	0.000	0.000	0.000	0.000	0.000	0.000	0.000	156	1144	-5	12	Error	Error	Error	2	-7	0	0	11	1	0	0	0	0
1	15	4	"IMAGp950I1222"	"972"	5790	6960	150	114	692	4827	105	112	52	23	10	0	220	782	4769	169	183	93	36	11	0	0	0	0	0	0	0	0	0	0	0	0	0	0	0	0	0	0	0	0.176	0.958	0.615	0.700	3.988	0.972	0.971	0.000	0.000	0.000	0.000	0.000	0.000	0.000	0.000	0.000	0.000	0.000	0.000	0.000	0.000	156	1144	60	1200	-2.503	Error	Error	9	51	0	0	587	613	0	0	0	0
1	16	4	"IMAGp950I1622"	"976"	6060	6960	150	107	111	45	114	126	61	7	0	0	177	185	53	176	191	63	7	3	0	0	0	0	0	0	0	0	0	0	0	0	0	0	0	0	0	0	0	-7.000	-0.333	1.587	1.556	4.047	0.149	0.007	0.000	0.000	0.000	0.000	0.000	0.000	0.000	0.000	0.000	0.000	0.000	0.000	0.000	0.000	156	1170	-6	6	Error	Error	Error	-7	1	0	0	-3	9	0	0	0	0
1	1	5	"IMAGp950I2022"	"980"	1940	7250	150	104	110	53	100	106	49	16	6	0	164	173	66	161	164	38	18	3	0	0	0	0	0	0	0	0	0	0	0	0	0	0	0	0	0	0	0	1.333	0.833	1.444	1.269	5.534	1.855	0.030	0.000	0.000	0.000	0.000	0.000	0.000	0.000	0.000	0.000	0.000	0.000	0.000	0.000	0.000	156	1170	7	22	0.415	Error	Error	4	3	0	0	10	12	0	0	0	0
1	2	5	"IMAGp950I2422"	"984"	2210	7250	150	186	384	1462	101	108	48	64	44	0	385	700	2524	163	169	46	71	66	0	0	0	0	0	0	0	0	0	0	0	0	0	0	0	0	0	0	0	0.383	0.527	0.504	0.516	3.092	1.234	0.667	0.000	0.000	0.000	0.000	0.000	0.000	0.000	0.000	0.000	0.000	0.000	0.000	0.000	0.000	156	1144	307	820	-1.385	Error	Error	85	222	0	0	283	537	0	0	0	0
1	3	5	"IMAGp950M0422"	"1060"	2490	7250	150	109	134	220	105	112	66	12	1	0	253	258	151	164	174	91	48	6	0	0	0	0	0	0	0	0	0	0	0	0	0	0	0	0	0	0	0	0.045	0.309	0.411	0.458	3.798	1.376	0.447	0.000	0.000	0.000	0.000	0.000	0.000	0.000	0.000	0.000	0.000	0.000	0.000	0.000	0.000	156	1144	93	123	-4.476	Error	Error	4	89	0	0	29	94	0	0	0	0
1	4	5	"IMAGp950M0822"	"1064"	2760	7250	150	104	104	48	103	109	65	8	1	0	164	170	41	163	175	94	2	0	0	0	0	0	0	0	0	0	0	0	0	0	0	0	0	0	0	0	0	1.000	0.143	1.375	1.286	3.866	0.394	0.092	0.000	0.000	0.000	0.000	0.000	0.000	0.000	0.000	0.000	0.000	0.000	0.000	0.000	0.000	156	1144	2	8	0.000	Error	Error	1	1	0	0	1	7	0	0	0	0
1	5	5	"IMAGp950M1222"	"1068"	3040	7250	150	102	112	49	101	106	47	21	4	0	162	164	38	163	166	43	8	1	0	0	0	0	0	0	0	0	0	0	0	0	0	0	0	0	0	0	0	-1.000	11.000	1.222	1.634	4.150	0.564	0.029	0.000	0.000	0.000	0.000	0.000	0.000	0.000	0.000	0.000	0.000	0.000	0.000	0.000	0.000	156	1144	0	12	Error	Error	Error	1	-1	0	0	11	1	0	0	0	0
1	2	4	"IMAGp950A0822"	"776"	2130	7230	150	110	113	53	123	164	123	0	0	0	193	217	79	183	244	134	13	0	0	0	0	0	0	0	0	0	0	0	0	0	0	0	0	0	0	0	0	-1.300	-0.294	1.027	0.826	3.954	1.000	0.319	0.000	0.000	0.000	0.000	0.000	0.000	0.000	0.000	0.000	0.000	0.000	0.000	0.000	0.000	156	1144	-3	24	Error	Error	Error	-13	10	0	0	-10	34	0	0	0	0
1	3	4	"IMAGp950A1222"	"780"	2410	7230	150	229	240	111	204	231	144	18	2	0	344	354	111	322	332	163	14	0	0	0	0	0	0	0	0	0	0	0	0	0	0	0	0	0	0	0	0	1.136	1.125	0.961	1.022	3.094	0.779	0.490	0.000	0.000	0.000	0.000	0.000	0.000	0.000	0.000	0.000	0.000	0.000	0.000	0.000	0.000	156	1144	47	68	0.184	Error	Error	25	22	0	0	36	32	0	0	0	0
1	4	4	"IMAGp950A1622"	"784"	2680	7230	150	106	108	47	158	176	98	1	0	0	172	184	56	258	280	137	1	0	0	0	0	0	0	0	0	0	0	0	0	0	0	0	0	0	0	0	0	0.605	0.676	0.725	0.600	2.487	0.766	0.376	0.000	0.000	0.000	0.000	0.000	0.000	0.000	0.000	0.000	0.000	0.000	0.000	0.000	0.000	156	1144	-138	-124	-0.726	Error	Error	-52	-86	0	0	-50	-74	0	0	0	0
1	5	4	"IMAGp950A2022"	"788"	2960	7230	150	165	189	128	147	164	94	25	7	0	280	335	331	213	264	138	33	9	0	0	0	0	0	0	0	0	0	0	0	0	0	0	0	0	0	0	0	0.269	0.344	0.781	0.800	4.038	0.395	0.326	0.000	0.000	0.000	0.000	0.000	0.000	0.000	0.000	0.000	0.000	0.000	0.000	0.000	0.000	156	1144	85	164	-1.896	Error	Error	18	67	0	0	42	122	0	0	0	0
1	6	4	"IMAGp950A2422"	"792"	3230	7220	150	103	110	52	117	135	86	5	0	0	206	207	50	175	200	87	13	0	0	0	0	0	0	0	0	0	0	0	0	0	0	0	0	0	0	0	0	-0.452	-0.219	0.956	1.125	5.125	0.978	0.107	0.000	0.000	0.000	0.000	0.000	0.000	0.000	0.000	0.000	0.000	0.000	0.000	0.000	0.000	156	1144	17	25	Error	Error	Error	-14	31	0	0	-7	32	0	0	0	0
1	7	4	"IMAGp950E0422"	"868"	3510	7220	150	256	265	111	193	222	131	29	4	0	343	351	117	276	293	119	30	7	0	0	0	0	0	0	0	0	0	0	0	0	0	0	0	0	0	0	0	0.940	0.960	1.071	0.942	3.532	1.131	0.295	0.000	0.000	0.000	0.000	0.000	0.000	0.000	0.000	0.000	0.000	0.000	0.000	0.000	0.000	156	1144	130	147	-0.089	Error	Error	63	67	0	0	72	75	0	0	0	0
1	8	4	"IMAGp950E0822"	"872"	3780	7220	150	183	259	215	149	189	129	32	20	0	326	357	257	232	276	126	41	15	0	0	0	0	0	0	0	0	0	0	0	0	0	0	0	0	0	0	0	0.362	0.880	0.988	0.932	3.116	0.947	0.483	0.000	0.000	0.000	0.000	0.000	0.000	0.000	0.000	0.000	0.000	0.000	0.000	0.000	0.000	156	1144	128	235	-1.467	Error	Error	34	94	0	0	110	125	0	0	0	0
1	9	4	"IMAGp950E1222"	"876"	4060	7220	150	202	543	562	105	109	48	56	50	0	242	582	518	170	186	81	46	44	0	0	0	0	0	0	0	0	0	0	0	0	0	0	0	0	0	0	0	1.347	1.063	1.105	1.134	2.615	1.066	0.751	0.000	0.000	0.000	0.000	0.000	0.000	0.000	0.000	0.000	0.000	0.000	0.000	0.000	0.000	156	1144	169	850	0.430	Error	Error	97	72	0	0	438	412	0	0	0	0
1	10	4	"IMAGp950E1622"	"880"	4330	7220	150	108	115	49	102	108	47	24	7	0	181	188	66	168	171	34	28	9	0	0	0	0	0	0	0	0	0	0	0	0	0	0	0	0	0	0	0	0.462	0.650	1.111	1.182	4.420	2.500	0.012	0.000	0.000	0.000	0.000	0.000	0.000	0.000	0.000	0.000	0.000	0.000	0.000	0.000	0.000	156	1144	19	33	-1.115	Error	Error	6	13	0	0	13	20	0	0	0	0
1	11	4	"IMAGp950E2022"	"884"	4610	7220	150	118	128	68	105	111	48	32	10	0	190	227	112	166	172	44	40	27	0	0	0	0	0	0	0	0	0	0	0	0	0	0	0	0	0	0	0	0.542	0.377	0.765	0.825	4.630	0.472	0.073	0.000	0.000	0.000	0.000	0.000	0.000	0.000	0.000	0.000	0.000	0.000	0.000	0.000	0.000	156	1144	37	84	-0.885	Error	Error	13	24	0	0	23	61	0	0	0	0
1	12	4	"IMAGp950E2422"	"888"	4880	7220	150	103	117	62	103	109	48	20	9	0	170	193	79	163	171	47	24	14	0	0	0	0	0	0	0	0	0	0	0	0	0	0	0	0	0	0	0	0.000	0.467	1.000	0.927	3.654	1.137	0.092	0.000	0.000	0.000	0.000	0.000	0.000	0.000	0.000	0.000	0.000	0.000	0.000	0.000	0.000	156	1144	7	44	Error	Error	Error	0	7	0	0	14	30	0	0	0	0
1	13	4	"IMAGp950I0422"	"964"	5160	7220	150	480	522	333	110	558	4747	0	0	0	596	565	305	176	653	4911	0	0	0	0	0	0	0	0	0	0	0	0	0	0	0	0	0	0	0	0	0	0.881	1.059	1.058	1.167	2.639	0.964	0.860	0.000	0.000	0.000	0.000	0.000	0.000	0.000	0.000	0.000	0.000	0.000	0.000	0.000	0.000	156	1144	790	801	-0.183	Error	Error	370	420	0	0	412	389	0	0	0	0
1	14	4	"IMAGp950I0822"	"968"	5430	7220	150	108	113	50	106	111	47	19	5	0	170	174	36	166	173	45	13	1	0	0	0	0	0	0	0	0	0	0	0	0	0	0	0	0	0	0	0	0.500	0.875	1.444	1.480	3.078	0.413	0.010	0.000	0.000	0.000	0.000	0.000	0.000	0.000	0.000	0.000	0.000	0.000	0.000	0.000	0.000	156	1144	6	15	-1.000	Error	Error	2	4	0	0	7	8	0	0	0	0
1	15	4	"IMAGp950I1222"	"972"	5710	7210	150	112	119	58	102	108	47	21	9	0	186	215	86	163	169	48	40	21	0	0	0	0	0	0	0	0	0	0	0	0	0	0	0	0	0	0	0	0.435	0.327	0.916	0.902	4.438	0.357	0.031	0.000	0.000	0.000	0.000	0.000	0.000	0.000	0.000	0.000	0.000	0.000	0.000	0.000	0.000	156	1144	33	69	-1.202	Error	Error	10	23	0	0	17	52	0	0	0	0
1	16	4	"IMAGp950I1622"	"976"	5980	7210	150	100	106	49	104	111	98	3	0	0	165	169	35	158	164	77	3	0	0	0	0	0	0	0	0	0	0	0	0	0	0	0	0	0	0	0	0	-0.571	0.182	1.679	1.862	3.319	12.506	0.005	0.000	0.000	0.000	0.000	0.000	0.000	0.000	0.000	0.000	0.000	0.000	0.000	0.000	0.000	156	1170	3	13	Error	Error	Error	-4	7	0	0	2	11	0	0	0	0
1	1	5	"IMAGp950I2022"	"980"	1860	7500	150	97	107	66	97	102	46	20	4	0	174	211	181	162	167	40	27	12	0	0	0	0	0	0	0	0	0	0	0	0	0	0	0	0	0	0	0	0.000	0.204	1.318	1.515	4.670	0.228	0.086	0.000	0.000	0.000	0.000	0.000	0.000	0.000	0.000	0.000	0.000	0.000	0.000	0.000	0.000	156	1170	12	59	Error	Error	Error	0	12	0	0	10	49	0	0	0	0
1	2	5	"IMAGp950I2422"	"984"	2130	7500	150	120	140	70	98	115	81	25	5	0	202	276	140	165	185	81	42	37	0	0	0	0	0	0	0	0	0	0	0	0	0	0	0	0	0	0	0	0.595	0.378	0.479	0.595	3.888	0.352	0.201	0.000	0.000	0.000	0.000	0.000	0.000	0.000	0.000	0.000	0.000	0.000	0.000	0.000	0.000	156	1144	59	153	-0.750	Error	Error	22	37	0	0	42	111	0	0	0	0
1	3	5	"IMAGp950M0422"	"1060"	2410	7500	150	168	212	139	194	228	147	17	4	0	292	318	124	291	325	169	13	1	0	0	0	0	0	0	0	0	0	0	0	0	0	0	0	0	0	0	0	-26.000	0.667	1.086	1.045	3.350	0.801	0.559	0.000	0.000	0.000	0.000	0.000	0.000	0.000	0.000	0.000	0.000	0.000	0.000	0.000	0.000	156	1144	-25	45	Error	Error	Error	-26	1	0	0	18	27	0	0	0	0
1	4	5	"IMAGp950M0822"	"1064"	2680	7500	150	255	252	98	246	257	114	11	3	0	455	488	156	418	441	193	11	4	0	0	0	0	0	0	0	0	0	0	0	0	0	0	0	0	0	0	0	0.243	0.086	1.345	1.251	5.144	0.164	0.035	0.000	0.000	0.000	0.000	0.000	0.000	0.000	0.000	0.000	0.000	0.000	0.000	0.000	0.000	156	1144	46	76	-2.040	Error	Error	9	37	0	0	6	70	0	0	0	0
1	5	5	"IMAGp950M1222"	"1068"	2960	7500	150	107	114	50	171	188	106	0	0	0	175	183	47	293	318	179	0	0	0	0	0	0	0	0	0	0	0	0	0	0	0	0	0	0	0	0	0	0.542	0.518	0.605	0.534	2.258	0.676	0.411	0.000	0.000	0.000	0.000	0.000	0.000	0.000	0.000	0.000	0.000	0.000	0.000	0.000	0.000	156	1144	-182	-167	-0.883	Error	Error	-64	-118	0	0	-57	-110	0	0	0	0
1	2	4	"IMAGp950A0822"	"776"	2130	7230	150	110	113	53	123	164	123	0	0	0	193	217	79	183	244	134	13	0	0	0	0	0	0	0	0	0	0	0	0	0	0	0	0	0	0	0	0	-1.300	-0.294	1.027	0.826	3.954	1.000	0.319	0.000	0.000	0.000	0.000	0.000	0.000	0.000	0.000	0.000	0.000	0.000	0.000	0.000	0.000	156	1144	-3	24	Error	Error	Error	-13	10	0	0	-10	34	0	0	0	0
1	3	4	"IMAGp950A1222"	"780"	2410	7230	150	229	240	111	204	231	144	18	2	0	344	354	111	322	332	163	14	0	0	0	0	0	0	0	0	0	0	0	0	0	0	0	0	0	0	0	0	1.136	1.125	0.961	1.022	3.094	0.779	0.490	0.000	0.000	0.000	0.000	0.000	0.000	0.000	0.000	0.000	0.000	0.000	0.000	0.000	0.000	156	1144	47	68	0.184	Error	Error	25	22	0	0	36	32	0	0	0	0
1	4	4	"IMAGp950A1622"	"784"	2680	7230	150	106	108	47	158	176	98	1	0	0	172	184	56	258	280	137	1	0	0	0	0	0	0	0	0	0	0	0	0	0	0	0	0	0	0	0	0	0.605	0.676	0.725	0.600	2.487	0.766	0.376	0.000	0.000	0.000	0.000	0.000	0.000	0.000	0.000	0.000	0.000	0.000	0.000	0.000	0.000	156	1144	-138	-124	-0.726	Error	Error	-52	-86	0	0	-50	-74	0	0	0	0
1	5	4	"IMAGp950A2022"	"788"	2960	7230	150	165	189	128	147	164	94	25	7	0	280	335	331	213	264	138	33	9	0	0	0	0	0	0	0	0	0	0	0	0	0	0	0	0	0	0	0	0.269	0.344	0.781	0.800	4.038	0.395	0.326	0.000	0.000	0.000	0.000	0.000	0.000	0.000	0.000	0.000	0.000	0.000	0.000	0.000	0.000	156	1144	85	164	-1.896	Error	Error	18	67	0	0	42	122	0	0	0	0
1	6	4	"IMAGp950A2422"	"792"	3230	7220	150	103	110	52	117	135	86	5	0	0	206	207	50	175	200	87	13	0	0	0	0	0	0	0	0	0	0	0	0	0	0	0	0	0	0	0	0	-0.452	-0.219	0.956	1.125	5.125	0.978	0.107	0.000	0.000	0.000	0.000	0.000	0.000	0.000	0.000	0.000	0.000	0.000	0.000	0.000	0.000	156	1144	17	25	Error	Error	Error	-14	31	0	0	-7	32	0	0	0	0
1	7	4	"IMAGp950E0422"	"868"	3510	7220	150	256	265	111	193	222	131	29	4	0	343	351	117	276	293	119	30	7	0	0	0	0	0	0	0	0	0	0	0	0	0	0	0	0	0	0	0	0.940	0.960	1.071	0.942	3.532	1.131	0.295	0.000	0.000	0.000	0.000	0.000	0.000	0.000	0.000	0.000	0.000	0.000	0.000	0.000	0.000	156	1144	130	147	-0.089	Error	Error	63	67	0	0	72	75	0	0	0	0
1	8	4	"IMAGp950E0822"	"872"	3780	7220	150	183	259	215	149	189	129	32	20	0	326	357	257	232	276	126	41	15	0	0	0	0	0	0	0	0	0	0	0	0	0	0	0	0	0	0	0	0.362	0.880	0.988	0.932	3.116	0.947	0.483	0.000	0.000	0.000	0.000	0.000	0.000	0.000	0.000	0.000	0.000	0.000	0.000	0.000	0.000	156	1144	128	235	-1.467	Error	Error	34	94	0	0	110	125	0	0	0	0
1	9	4	"IMAGp950E1222"	"876"	4060	7220	150	202	543	562	105	109	48	56	50	0	242	582	518	170	186	81	46	44	0	0	0	0	0	0	0	0	0	0	0	0	0	0	0	0	0	0	0	1.347	1.063	1.105	1.134	2.615	1.066	0.751	0.000	0.000	0.000	0.000	0.000	0.000	0.000	0.000	0.000	0.000	0.000	0.000	0.000	0.000	156	1144	169	850	0.430	Error	Error	97	72	0	0	438	412	0	0	0	0
1	10	4	"IMAGp950E1622"	"880"	4330	7220	150	108	115	49	102	108	47	24	7	0	181	188	66	168	171	34	28	9	0	0	0	0	0	0	0	0	0	0	0	0	0	0	0	0	0	0	0	0.462	0.650	1.111	1.182	4.420	2.500	0.012	0.000	0.000	0.000	0.000	0.000	0.000	0.000	0.000	0.000	0.000	0.000	0.000	0.000	0.000	156	1144	19	33	-1.115	Error	Error	6	13	0	0	13	20	0	0	0	0
1	11	4	"IMAGp950E2022"	"884"	4610	7220	150	118	128	68	105	111	48	32	10	0	190	227	112	166	172	44	40	27	0	0	0	0	0	0	0	0	0	0	0	0	0	0	0	0	0	0	0	0.542	0.377	0.765	0.825	4.630	0.472	0.073	0.000	0.000	0.000	0.000	0.000	0.000	0.000	0.000	0.000	0.000	0.000	0.000	0.000	0.000	156	1144	37	84	-0.885	Error	Error	13	24	0	0	23	61	0	0	0	0
1	12	4	"IMAGp950E2422"	"888"	4880	7220	150	103	117	62	103	109	48	20	9	0	170	193	79	163	171	47	24	14	0	0	0	0	0	0	0	0	0	0	0	0	0	0	0	0	0	0	0	0.000	0.467	1.000	0.927	3.654	1.137	0.092	0.000	0.000	0.000	0.000	0.000	0.000	0.000	0.000	0.000	0.000	0.000	0.000	0.000	0.000	156	1144	7	44	Error	Error	Error	0	7	0	0	14	30	0	0	0	0
1	13	4	"IMAGp950I0422"	"964"	5160	7220	150	480	522	333	110	558	4747	0	0	0	596	565	305	176	653	4911	0	0	0	0	0	0	0	0	0	0	0	0	0	0	0	0	0	0	0	0	0	0.881	1.059	1.058	1.167	2.639	0.964	0.860	0.000	0.000	0.000	0.000	0.000	0.000	0.000	0.000	0.000	0.000	0.000	0.000	0.000	0.000	156	1144	790	801	-0.183	Error	Error	370	420	0	0	412	389	0	0	0	0
1	14	4	"IMAGp950I0822"	"968"	5430	7220	150	108	113	50	106	111	47	19	5	0	170	174	36	166	173	45	13	1	0	0	0	0	0	0	0	0	0	0	0	0	0	0	0	0	0	0	0	0.500	0.875	1.444	1.480	3.078	0.413	0.010	0.000	0.000	0.000	0.000	0.000	0.000	0.000	0.000	0.000	0.000	0.000	0.000	0.000	0.000	156	1144	6	15	-1.000	Error	Error	2	4	0	0	7	8	0	0	0	0
1	15	4	"IMAGp950I1222"	"972"	5710	7210	150	112	119	58	102	108	47	21	9	0	186	215	86	163	169	48	40	21	0	0	0	0	0	0	0	0	0	0	0	0	0	0	0	0	0	0	0	0.435	0.327	0.916	0.902	4.438	0.357	0.031	0.000	0.000	0.000	0.000	0.000	0.000	0.000	0.000	0.000	0.000	0.000	0.000	0.000	0.000	156	1144	33	69	-1.202	Error	Error	10	23	0	0	17	52	0	0	0	0
1	16	4	"IMAGp950I1622"	"976"	5980	7210	150	100	106	49	104	111	98	3	0	0	165	169	35	158	164	77	3	0	0	0	0	0	0	0	0	0	0	0	0	0	0	0	0	0	0	0	0	-0.571	0.182	1.679	1.862	3.319	12.506	0.005	0.000	0.000	0.000	0.000	0.000	0.000	0.000	0.000	0.000	0.000	0.000	0.000	0.000	0.000	156	1170	3	13	Error	Error	Error	-4	7	0	0	2	11	0	0	0	0
1	1	5	"IMAGp950I2022"	"980"	1860	7500	150	97	107	66	97	102	46	20	4	0	174	211	181	162	167	40	27	12	0	0	0	0	0	0	0	0	0	0	0	0	0	0	0	0	0	0	0	0.000	0.204	1.318	1.515	4.670	0.228	0.086	0.000	0.000	0.000	0.000	0.000	0.000	0.000	0.000	0.000	0.000	0.000	0.000	0.000	0.000	156	1170	12	59	Error	Error	Error	0	12	0	0	10	49	0	0	0	0
1	2	5	"IMAGp950I2422"	"984"	2130	7500	150	120	140	70	98	115	81	25	5	0	202	276	140	165	185	81	42	37	0	0	0	0	0	0	0	0	0	0	0	0	0	0	0	0	0	0	0	0.595	0.378	0.479	0.595	3.888	0.352	0.201	0.000	0.000	0.000	0.000	0.000	0.000	0.000	0.000	0.000	0.000	0.000	0.000	0.000	0.000	156	1144	59	153	-0.750	Error	Error	22	37	0	0	42	111	0	0	0	0
1	3	5	"IMAGp950M0422"	"1060"	2410	7500	150	168	212	139	194	228	147	17	4	0	292	318	124	291	325	169	13	1	0	0	0	0	0	0	0	0	0	0	0	0	0	0	0	0	0	0	0	-26.000	0.667	1.086	1.045	3.350	0.801	0.559	0.000	0.000	0.000	0.000	0.000	0.000	0.000	0.000	0.000	0.000	0.000	0.000	0.000	0.000	156	1144	-25	45	Error	Error	Error	-26	1	0	0	18	27	0	0	0	0
1	4	5	"IMAGp950M0822"	"1064"	2680	7500	150	255	252	98	246	257	114	11	3	0	455	488	156	418	441	193	11	4	0	0	0	0	0	0	0	0	0	0	0	0	0	0	0	0	0	0	0	0.243	0.086	1.345	1.251	5.144	0.164	0.035	0.000	0.000	0.000	0.000	0.000	0.000	0.000	0.000	0.000	0.000	0.000	0.000	0.000	0.000	156	1144	46	76	-2.040	Error	Error	9	37	0	0	6	70	0	0	0	0
1	5	5	"IMAGp950M1222"	"1068"	2960	7500	150	107	114	50	171	188	106	0	0	0	175	183	47	293	318	179	0	0	0	0	0	0	0	0	0	0	0	0	0	0	0	0	0	0	0	0	0	0.542	0.518	0.605	0.534	2.258	0.676	0.411	0.000	0.000	0.000	0.000	0.000	0.000	0.000	0.000	0.000	0.000	0.000	0.000	0.000	0.000	156	1144	-182	-167	-0.883	Error	Error	-64	-118	0	0	-57	-110	0	0	0	0
