ATF	1.0
27	82    
"Type=GenePix Results 2"
"DateTime=2002/09/13 09:30:44"
"Settings="
"GalFile=A:\ scheiss.gal"
"PixelSize=10"
"Wavelengths=635	532"
"ImageFiles=K:\jschneid\Axon-Daten\Charge_C\Amplifikationsversuch_230702\Slide80_710-540_2002-09-13_C_532_nm_635.tif 0	K:\jschneid\Axon-Daten\Charge_C\Amplifikationsversuch_230702\Slide80_710-540_2002-09-13_C_532_nm_532.tif 0"
"NormalizationMethod=None"
"NormalizationFactors=1	1"
"JpegImage=K:\jschneid\Axon-Auswertung\Charge_C\Ampli_Vgl_100602\mit_Genpix4\Slide80_710-540_2002-09-13_C_532_nm_0635.jpg"
"RatioFormulations=W1/W2 (635/532)"
"Barcode="
"BackgroundSubtraction=LocalFeature"
"ImageOrigin=480, 4970"
"JpegOrigin=1360, 5670"
"Creator=GenePix Pro 4.0.0.54"
"Scanner=GenePix 4000B [84972]"
"FocusPosition=0"
"Temperature=29.99"
"LinesAveraged=1"
"Comment="
"PMTGain=710	540"
"ScanPower=100	100"
"LaserPower=3.58	3.38"
"LaserOnTime=7562	7548"
"ScanRegion=48,497,2088,4289"
"Supplier="
"Block"	"Column"	"Row"	"Name"	"ID"	"X"	"Y"	"Dia."	"F635 Median"	"F635 Mean"	"F635 SD"	"B635 Median"	"B635 Mean"	"B635 SD"	"% > B635+1SD"	"% > B635+2SD"	"F635 % Sat."	"F532 Median"	"F532 Mean"	"F532 SD"	"B532 Median"	"B532 Mean"	"B532 SD"	"% > B532+1SD"	"% > B532+2SD"	"F532 % Sat."	"F3 Median"	"F3 Mean"	"F3 SD"	"B3 Median"	"B3 Mean"	"B3 SD"	"% > B3+1SD"	"% > B3+2SD"	"F3 % Sat."	"F4 Median"	"F4 Mean"	"F4 SD"	"B4 Median"	"B4 Mean"	"B4 SD"	"% > B4+1SD"	"% > B4+2SD"	"F4 % Sat."	"Ratio of Medians (635/532)"	"Ratio of Means (635/532)"	"Median of Ratios (635/532)"	"Mean of Ratios (635/532)"	"Ratios SD (635/532)"	"Rgn Ratio (635/532)"	"Rgn R² (635/532)"	"Ratio of Medians (Ratio/2)"	"Ratio of Means (Ratio/2)"	"Median of Ratios (Ratio/2)"	"Mean of Ratios (Ratio/2)"	"Ratios SD (Ratio/2)"	"Rgn Ratio (Ratio/2)"	"Rgn R² (Ratio/2)"	"Ratio of Medians (Ratio/3)"	"Ratio of Means (Ratio/3)"	"Median of Ratios (Ratio/3)"	"Mean of Ratios (Ratio/3)"	"Ratios SD (Ratio/3)"	"Rgn Ratio (Ratio/3)"	"Rgn R² (Ratio/3)"	"F Pixels"	"B Pixels"	"Sum of Medians"	"Sum of Means"	"Log Ratio (635/532)"	"Log Ratio (Ratio/2)"	"Log Ratio (Ratio/3)"	"F635 Median - B635"	"F532 Median - B532"	"F3 Median - B3"	"F4 Median - B4"	"F635 Mean - B635"	"F532 Mean - B532"	"F3 Mean - B3"	"F4 Mean - B4"	"Flags"	"Normalize"
1	1	1	"IMAGp950B111"	"4"	1820	6010	150	324	338	123	278	286	121	28	8	0	328	345	87	282	290	76	33	14	0	0	0	0	0	0	0	0	0	0	0	0	0	0	0	0	0	0	0	1.000	0.952	1.696	1.520	3.261	3.274	0.137	0.000	0.000	0.000	0.000	0.000	0.000	0.000	0.000	0.000	0.000	0.000	0.000	0.000	0.000	156	1196	92	123	0.000	Error	Error	46	46	0	0	60	63	0	0	0	0
1	2	1	"IMAGp950E031"	"8"	2090	6000	150	238	242	108	245	255	112	10	4	0	264	285	233	270	276	76	8	1	0	0	0	0	0	0	0	0	0	0	0	0	0	0	0	0	0	0	0	1.167	-0.200	1.752	1.674	3.612	0.469	0.030	0.000	0.000	0.000	0.000	0.000	0.000	0.000	0.000	0.000	0.000	0.000	0.000	0.000	0.000	156	1170	-13	12	0.222	Error	Error	-7	-6	0	0	-3	15	0	0	0	0
1	3	1	"IMAGp950H241"	"12"	2360	6000	150	284	289	104	274	289	119	13	2	0	292	314	95	293	299	74	16	7	0	0	0	0	0	0	0	0	0	0	0	0	0	0	0	0	0	0	0	-10.000	0.714	1.511	1.510	3.841	3.477	0.051	0.000	0.000	0.000	0.000	0.000	0.000	0.000	0.000	0.000	0.000	0.000	0.000	0.000	0.000	156	1182	9	36	Error	Error	Error	10	-1	0	0	15	21	0	0	0	0
1	4	1	"IMAGp950J091"	"16"	2640	6000	150	286	302	105	306	317	114	12	2	0	321	330	67	312	322	86	15	1	0	0	0	0	0	0	0	0	0	0	0	0	0	0	0	0	0	0	0	-2.222	-0.222	1.759	1.741	3.620	2.507	0.036	0.000	0.000	0.000	0.000	0.000	0.000	0.000	0.000	0.000	0.000	0.000	0.000	0.000	0.000	156	1182	-11	14	Error	Error	Error	-20	9	0	0	-4	18	0	0	0	0
1	5	1	"IMAGp950K211"	"20"	2910	6000	150	278	289	103	297	303	124	10	1	0	311	316	93	301	318	122	3	0	0	0	0	0	0	0	0	0	0	0	0	0	0	0	0	0	0	0	0	-1.900	-0.533	1.827	1.763	3.676	1.737	0.126	0.000	0.000	0.000	0.000	0.000	0.000	0.000	0.000	0.000	0.000	0.000	0.000	0.000	0.000	156	1182	-9	7	Error	Error	Error	-19	10	0	0	-8	15	0	0	0	0
1	6	1	"IMAGp950N161"	"24"	3190	6000	150	302	311	106	301	316	167	7	0	0	329	355	146	310	329	235	7	1	0	0	0	0	0	0	0	0	0	0	0	0	0	0	0	0	0	0	0	0.053	0.222	0.760	0.857	3.741	1.227	0.222	0.000	0.000	0.000	0.000	0.000	0.000	0.000	0.000	0.000	0.000	0.000	0.000	0.000	0.000	156	1170	20	55	-4.248	Error	Error	1	19	0	0	10	45	0	0	0	0
1	7	1	"IMAGp950L074"	"100"	3460	6000	150	279	289	132	282	298	184	10	0	0	308	312	110	295	310	168	5	1	0	0	0	0	0	0	0	0	0	0	0	0	0	0	0	0	0	0	0	-0.231	0.412	1.234	1.210	3.536	1.603	0.091	0.000	0.000	0.000	0.000	0.000	0.000	0.000	0.000	0.000	0.000	0.000	0.000	0.000	0.000	156	1170	10	24	Error	Error	Error	-3	13	0	0	7	17	0	0	0	0
1	8	1	"IMAGp950M014"	"104"	3740	6000	150	269	298	161	261	288	194	14	2	0	287	303	168	258	273	149	7	2	0	0	0	0	0	0	0	0	0	0	0	0	0	0	0	0	0	0	0	0.276	0.822	1.753	1.627	3.747	1.598	0.243	0.000	0.000	0.000	0.000	0.000	0.000	0.000	0.000	0.000	0.000	0.000	0.000	0.000	0.000	156	1170	37	82	-1.858	Error	Error	8	29	0	0	37	45	0	0	0	0
1	9	1	"IMAGp950M144"	"108"	4010	6000	150	261	276	163	218	255	162	28	3	0	273	273	114	225	259	278	3	0	0	0	0	0	0	0	0	0	0	0	0	0	0	0	0	0	0	0	0	0.896	1.208	1.441	1.273	2.569	1.587	0.488	0.000	0.000	0.000	0.000	0.000	0.000	0.000	0.000	0.000	0.000	0.000	0.000	0.000	0.000	156	1170	91	106	-0.159	Error	Error	43	48	0	0	58	48	0	0	0	0
1	10	1	"IMAGp950O014"	"112"	4290	5990	150	184	209	118	204	236	147	12	1	0	225	253	96	220	249	271	2	0	0	0	0	0	0	0	0	0	0	0	0	0	0	0	0	0	0	0	0	-4.000	0.152	1.340	1.350	3.233	2.079	0.360	0.000	0.000	0.000	0.000	0.000	0.000	0.000	0.000	0.000	0.000	0.000	0.000	0.000	0.000	156	1182	-15	38	Error	Error	Error	-20	5	0	0	5	33	0	0	0	0
1	11	1	"IMAGp950B085"	"116"	4560	5990	150	483	1318	1741	268	292	161	54	41	0	419	1000	1171	279	302	137	50	37	0	0	0	0	0	0	0	0	0	0	0	0	0	0	0	0	0	0	0	1.536	1.456	1.497	1.439	2.425	1.498	0.888	0.000	0.000	0.000	0.000	0.000	0.000	0.000	0.000	0.000	0.000	0.000	0.000	0.000	0.000	156	1182	355	1771	0.619	Error	Error	215	140	0	0	1050	721	0	0	0	0
1	12	1	"IMAGp950C245"	"120"	4840	5990	150	459	444	158	324	446	1983	0	0	0	392	420	146	328	439	1417	0	0	0	0	0	0	0	0	0	0	0	0	0	0	0	0	0	0	0	0	0	2.109	1.304	1.406	1.473	3.309	0.253	0.239	0.000	0.000	0.000	0.000	0.000	0.000	0.000	0.000	0.000	0.000	0.000	0.000	0.000	0.000	156	1182	199	212	1.077	Error	Error	135	64	0	0	120	92	0	0	0	0
1	13	1	"IMAGp950C218"	"196"	5110	5990	150	366	416	243	190	286	261	41	16	0	401	439	229	214	307	387	15	1	0	0	0	0	0	0	0	0	0	0	0	0	0	0	0	0	0	0	0	0.941	1.004	1.231	1.059	2.474	1.426	0.637	0.000	0.000	0.000	0.000	0.000	0.000	0.000	0.000	0.000	0.000	0.000	0.000	0.000	0.000	156	1182	363	451	-0.087	Error	Error	176	187	0	0	226	225	0	0	0	0
1	14	1	"IMAGp950G088"	"200"	5390	5990	150	108	115	53	110	131	112	2	0	0	152	164	87	152	166	78	3	2	0	0	0	0	0	0	0	0	0	0	0	0	0	0	0	0	0	0	0	100000.000	0.417	1.405	1.533	4.004	1.268	0.186	0.000	0.000	0.000	0.000	0.000	0.000	0.000	0.000	0.000	0.000	0.000	0.000	0.000	0.000	156	1182	-2	17	16.610	Error	Error	-2	0	0	0	5	12	0	0	0	0
1	15	1	"IMAGp950K138"	"204"	5660	5990	150	104	111	49	108	111	47	18	4	0	163	166	36	146	148	29	32	12	0	0	0	0	0	0	0	0	0	0	0	0	0	0	0	0	0	0	0	-0.235	0.150	1.423	1.304	3.737	16.116	0.003	0.000	0.000	0.000	0.000	0.000	0.000	0.000	0.000	0.000	0.000	0.000	0.000	0.000	0.000	156	1170	13	23	Error	Error	Error	-4	17	0	0	3	20	0	0	0	0
1	16	1	"IMAGp950L148"	"208"	5940	5990	150	120	131	58	108	111	48	32	11	0	179	214	84	149	151	30	49	36	0	0	0	0	0	0	0	0	0	0	0	0	0	0	0	0	0	0	0	0.400	0.354	0.836	0.934	3.860	0.920	0.046	0.000	0.000	0.000	0.000	0.000	0.000	0.000	0.000	0.000	0.000	0.000	0.000	0.000	0.000	156	1208	42	88	-1.322	Error	Error	12	30	0	0	23	65	0	0	0	0
1	1	2	"IMAGp950M138"	"212"	1820	6280	150	216	246	125	302	313	127	7	1	0	272	281	76	316	327	91	5	0	0	0	0	0	0	0	0	0	0	0	0	0	0	0	0	0	0	0	0	1.955	1.600	1.548	1.563	3.150	2.284	0.240	0.000	0.000	0.000	0.000	0.000	0.000	0.000	0.000	0.000	0.000	0.000	0.000	0.000	0.000	156	1158	-130	-91	0.967	Error	Error	-86	-44	0	0	-56	-35	0	0	0	0
1	2	2	"IMAGp950N178"	"216"	2090	6280	150	283	302	148	253	277	150	21	7	0	340	358	125	278	295	114	30	13	0	0	0	0	0	0	0	0	0	0	0	0	0	0	0	0	0	0	0	0.484	0.613	1.219	1.231	3.117	1.473	0.415	0.000	0.000	0.000	0.000	0.000	0.000	0.000	0.000	0.000	0.000	0.000	0.000	0.000	0.000	156	1144	92	129	-1.047	Error	Error	30	62	0	0	49	80	0	0	0	0
1	3	2	"IMAGp950J0111"	"292"	2370	6280	150	257	289	150	178	207	140	38	12	0	378	380	157	205	239	305	17	1	0	0	0	0	0	0	0	0	0	0	0	0	0	0	0	0	0	0	0	0.457	0.634	0.795	0.720	3.447	0.945	0.439	0.000	0.000	0.000	0.000	0.000	0.000	0.000	0.000	0.000	0.000	0.000	0.000	0.000	0.000	156	1144	252	286	-1.131	Error	Error	79	173	0	0	111	175	0	0	0	0
1	4	2	"IMAGp950K1511"	"296"	2640	6280	150	141	165	104	169	220	200	5	0	0	176	205	124	191	246	345	1	0	0	0	0	0	0	0	0	0	0	0	0	0	0	0	0	0	0	0	0	1.867	-0.286	2.000	1.681	3.253	1.515	0.384	0.000	0.000	0.000	0.000	0.000	0.000	0.000	0.000	0.000	0.000	0.000	0.000	0.000	0.000	156	1144	-43	10	0.900	Error	Error	-28	-15	0	0	-4	14	0	0	0	0
1	5	2	"IMAGp950M0411"	"300"	2920	6280	150	218	487	1138	169	571	3998	1	0	0	239	548	1506	197	522	3390	2	0	0	0	0	0	0	0	0	0	0	0	0	0	0	0	0	0	0	0	0	1.167	0.906	1.480	1.418	3.015	1.189	0.822	0.000	0.000	0.000	0.000	0.000	0.000	0.000	0.000	0.000	0.000	0.000	0.000	0.000	0.000	156	1144	91	669	0.222	Error	Error	49	42	0	0	318	351	0	0	0	0
1	6	2	"IMAGp950N1511"	"304"	3190	6270	150	200	333	1192	194	596	3995	0	0	0	248	315	620	221	545	3391	0	0	0	0	0	0	0	0	0	0	0	0	0	0	0	0	0	0	0	0	0	0.222	1.479	1.636	1.448	3.656	1.186	0.832	0.000	0.000	0.000	0.000	0.000	0.000	0.000	0.000	0.000	0.000	0.000	0.000	0.000	0.000	156	1144	33	233	-2.170	Error	Error	6	27	0	0	139	94	0	0	0	0
1	7	2	"IMAGp950P0511"	"308"	3470	6270	150	258	321	204	212	248	156	37	16	0	312	313	113	229	255	131	35	5	0	0	0	0	0	0	0	0	0	0	0	0	0	0	0	0	0	0	0	0.554	1.298	1.624	1.246	2.583	1.587	0.565	0.000	0.000	0.000	0.000	0.000	0.000	0.000	0.000	0.000	0.000	0.000	0.000	0.000	0.000	156	1144	129	193	-0.851	Error	Error	46	83	0	0	109	84	0	0	0	0
1	8	2	"IMAGp950A1012"	"312"	3740	6270	150	177	211	111	268	293	163	3	0	0	223	256	126	257	271	123	12	7	0	0	0	0	0	0	0	0	0	0	0	0	0	0	0	0	0	0	0	2.676	57.000	1.600	1.672	2.530	1.787	0.315	0.000	0.000	0.000	0.000	0.000	0.000	0.000	0.000	0.000	0.000	0.000	0.000	0.000	0.000	156	1144	-125	-58	1.420	Error	Error	-91	-34	0	0	-57	-1	0	0	0	0
1	9	2	"IMAGp950J0514"	"388"	4020	6270	150	358	378	140	263	296	170	33	6	0	333	342	108	259	300	291	1	1	0	0	0	0	0	0	0	0	0	0	0	0	0	0	0	0	0	0	0	1.284	1.386	1.519	1.288	3.372	1.566	0.352	0.000	0.000	0.000	0.000	0.000	0.000	0.000	0.000	0.000	0.000	0.000	0.000	0.000	0.000	156	1144	169	198	0.360	Error	Error	95	74	0	0	115	83	0	0	0	0
1	10	2	"IMAGp950L1114"	"392"	4290	6270	150	349	355	152	366	385	199	10	0	0	349	362	155	351	387	313	4	0	0	0	0	0	0	0	0	0	0	0	0	0	0	0	0	0	0	0	0	8.500	-1.000	1.179	1.090	3.422	1.082	0.335	0.000	0.000	0.000	0.000	0.000	0.000	0.000	0.000	0.000	0.000	0.000	0.000	0.000	0.000	156	1144	-19	0	3.087	Error	Error	-17	-2	0	0	-11	11	0	0	0	0
1	11	2	"IMAGp950M2214"	"396"	4570	6270	150	512	601	962	373	514	2579	0	0	0	525	588	582	369	439	1715	0	0	0	0	0	0	0	0	0	0	0	0	0	0	0	0	0	0	0	0	0	0.891	1.041	1.050	0.967	3.871	1.359	0.627	0.000	0.000	0.000	0.000	0.000	0.000	0.000	0.000	0.000	0.000	0.000	0.000	0.000	0.000	156	1144	295	447	-0.166	Error	Error	139	156	0	0	228	219	0	0	0	0
1	12	2	"IMAGp950O1414"	"400"	4840	6270	150	319	343	162	292	547	3263	0	0	0	328	413	365	293	460	2212	0	0	0	0	0	0	0	0	0	0	0	0	0	0	0	0	0	0	0	0	0	0.771	0.425	1.320	1.334	3.841	1.339	0.756	0.000	0.000	0.000	0.000	0.000	0.000	0.000	0.000	0.000	0.000	0.000	0.000	0.000	0.000	156	1144	62	171	-0.374	Error	Error	27	35	0	0	51	120	0	0	0	0
1	13	2	"IMAGp950A0815"	"404"	5120	6270	150	140	164	105	183	248	201	5	1	0	194	211	67	200	264	232	1	0	0	0	0	0	0	0	0	0	0	0	0	0	0	0	0	0	0	0	0	7.167	-1.727	2.105	2.053	4.223	0.410	0.207	0.000	0.000	0.000	0.000	0.000	0.000	0.000	0.000	0.000	0.000	0.000	0.000	0.000	0.000	156	1144	-49	-8	2.841	Error	Error	-43	-6	0	0	-19	11	0	0	0	0
1	14	2	"IMAGp950C0915"	"408"	5390	6270	150	130	139	66	112	120	103	11	1	0	195	229	105	151	166	183	14	1	0	0	0	0	0	0	0	0	0	0	0	0	0	0	0	0	0	0	0	0.409	0.346	0.714	0.723	4.068	0.655	0.232	0.000	0.000	0.000	0.000	0.000	0.000	0.000	0.000	0.000	0.000	0.000	0.000	0.000	0.000	156	1144	62	105	-1.290	Error	Error	18	44	0	0	27	78	0	0	0	0
1	15	2	"IMAGp950K1817"	"484"	5670	6260	150	117	128	59	110	112	47	25	12	0	188	215	91	149	151	29	54	38	0	0	0	0	0	0	0	0	0	0	0	0	0	0	0	0	0	0	0	0.179	0.273	0.687	0.854	4.172	0.694	0.062	0.000	0.000	0.000	0.000	0.000	0.000	0.000	0.000	0.000	0.000	0.000	0.000	0.000	0.000	156	1144	46	84	-2.478	Error	Error	7	39	0	0	18	66	0	0	0	0
1	16	2	"IMAGp950N0117"	"488"	5940	6260	150	116	123	54	109	113	48	20	6	0	296	477	375	150	151	28	69	57	0	0	0	0	0	0	0	0	0	0	0	0	0	0	0	0	0	0	0	0.048	0.043	0.232	0.312	6.298	0.041	0.029	0.000	0.000	0.000	0.000	0.000	0.000	0.000	0.000	0.000	0.000	0.000	0.000	0.000	0.000	156	1170	153	341	-4.382	Error	Error	7	146	0	0	14	327	0	0	0	0
1	1	3	"IMAGp950B0118"	"492"	1820	6550	150	415	420	163	350	368	143	33	7	0	432	463	147	368	388	146	27	12	0	0	0	0	0	0	0	0	0	0	0	0	0	0	0	0	0	0	0	1.016	0.737	1.313	1.264	3.301	0.462	0.073	0.000	0.000	0.000	0.000	0.000	0.000	0.000	0.000	0.000	0.000	0.000	0.000	0.000	0.000	156	1170	129	165	0.022	Error	Error	65	64	0	0	70	95	0	0	0	0
1	2	3	"IMAGp950E0518"	"496"	2090	6550	150	1281	2064	1919	311	346	227	62	58	0	949	1304	1012	354	381	172	63	55	0	0	0	0	0	0	0	0	0	0	0	0	0	0	0	0	0	0	0	1.630	1.845	1.826	1.868	1.869	1.933	0.890	0.000	0.000	0.000	0.000	0.000	0.000	0.000	0.000	0.000	0.000	0.000	0.000	0.000	0.000	156	1144	1565	2703	0.705	Error	Error	970	595	0	0	1753	950	0	0	0	0
1	3	3	"IMAGp950G1218"	"500"	2370	6550	150	140	144	60	130	194	227	1	0	0	201	220	74	168	222	168	8	0	0	0	0	0	0	0	0	0	0	0	0	0	0	0	0	0	0	0	0	0.303	0.269	0.779	0.816	3.692	0.997	0.375	0.000	0.000	0.000	0.000	0.000	0.000	0.000	0.000	0.000	0.000	0.000	0.000	0.000	0.000	156	1144	43	66	-1.722	Error	Error	10	33	0	0	14	52	0	0	0	0
1	4	3	"IMAGp950I0318"	"504"	2640	6550	150	116	121	46	105	112	52	19	4	0	168	169	35	151	158	64	8	1	0	0	0	0	0	0	0	0	0	0	0	0	0	0	0	0	0	0	0	0.647	0.889	1.500	1.311	3.930	0.262	0.163	0.000	0.000	0.000	0.000	0.000	0.000	0.000	0.000	0.000	0.000	0.000	0.000	0.000	0.000	156	1144	28	34	-0.628	Error	Error	11	17	0	0	16	18	0	0	0	0
1	5	3	"IMAGp950B0121"	"580"	2920	6550	150	120	123	58	107	116	56	21	3	0	181	187	38	157	161	37	35	10	0	0	0	0	0	0	0	0	0	0	0	0	0	0	0	0	0	0	0	0.542	0.533	1.185	1.101	3.626	13.799	0.003	0.000	0.000	0.000	0.000	0.000	0.000	0.000	0.000	0.000	0.000	0.000	0.000	0.000	0.000	156	1144	37	46	-0.885	Error	Error	13	24	0	0	16	30	0	0	0	0
1	6	3	"IMAGp950B0521"	"584"	3190	6550	150	116	124	61	120	144	101	7	0	0	161	162	32	162	177	87	1	0	0	0	0	0	0	0	0	0	0	0	0	0	0	0	0	0	0	0	0	4.000	100000.000	2.065	2.469	3.372	0.550	0.062	0.000	0.000	0.000	0.000	0.000	0.000	0.000	0.000	0.000	0.000	0.000	0.000	0.000	0.000	156	1144	-5	4	2.000	Error	Error	-4	-1	0	0	4	0	0	0	0	0
1	7	3	"IMAGp950B0921"	"588"	3470	6550	150	163	214	158	151	212	179	16	5	0	218	244	106	178	218	197	10	1	0	0	0	0	0	0	0	0	0	0	0	0	0	0	0	0	0	0	0	0.300	0.955	1.434	1.404	3.224	0.320	0.100	0.000	0.000	0.000	0.000	0.000	0.000	0.000	0.000	0.000	0.000	0.000	0.000	0.000	0.000	156	1144	52	129	-1.737	Error	Error	12	40	0	0	63	66	0	0	0	0
1	8	3	"IMAGp950B1321"	"592"	3740	6550	150	184	261	217	215	291	222	17	7	0	203	266	164	224	264	127	21	11	0	0	0	0	0	0	0	0	0	0	0	0	0	0	0	0	0	0	0	1.476	1.095	1.590	1.519	3.277	1.858	0.642	0.000	0.000	0.000	0.000	0.000	0.000	0.000	0.000	0.000	0.000	0.000	0.000	0.000	0.000	156	1144	-52	88	0.562	Error	Error	-31	-21	0	0	46	42	0	0	0	0
1	9	3	"IMAGp950B1721"	"596"	4020	6550	150	446	441	297	186	271	218	55	34	0	381	403	227	198	267	159	53	28	0	0	0	0	0	0	0	0	0	0	0	0	0	0	0	0	0	0	0	1.421	1.244	1.494	1.512	2.160	1.381	0.667	0.000	0.000	0.000	0.000	0.000	0.000	0.000	0.000	0.000	0.000	0.000	0.000	0.000	0.000	156	1144	443	460	0.507	Error	Error	260	183	0	0	255	205	0	0	0	0
1	10	3	"IMAGp950B2121"	"600"	4290	6540	150	130	160	137	164	266	226	3	1	0	208	331	1457	188	276	197	1	0	0	0	0	0	0	0	0	0	0	0	0	0	0	0	0	0	0	0	0	-1.700	-0.028	1.569	1.218	4.262	0.110	0.112	0.000	0.000	0.000	0.000	0.000	0.000	0.000	0.000	0.000	0.000	0.000	0.000	0.000	0.000	156	1144	-14	139	Error	Error	Error	-34	20	0	0	-4	143	0	0	0	0
1	11	3	"IMAGp950H2021"	"676"	4570	6540	150	150	170	108	150	204	169	8	2	0	189	206	96	185	225	221	0	0	0	0	0	0	0	0	0	0	0	0	0	0	0	0	0	0	0	0	0	0.000	0.952	1.675	1.542	3.242	2.212	0.388	0.000	0.000	0.000	0.000	0.000	0.000	0.000	0.000	0.000	0.000	0.000	0.000	0.000	0.000	156	1144	4	41	Error	Error	Error	0	4	0	0	20	21	0	0	0	0
1	12	3	"IMAGp950H2421"	"680"	4840	6540	150	186	228	140	136	169	122	30	12	0	257	267	93	173	194	74	51	25	0	0	0	0	0	0	0	0	0	0	0	0	0	0	0	0	0	0	0	0.595	0.979	1.069	0.965	3.362	1.760	0.459	0.000	0.000	0.000	0.000	0.000	0.000	0.000	0.000	0.000	0.000	0.000	0.000	0.000	0.000	156	1144	134	186	-0.748	Error	Error	50	84	0	0	92	94	0	0	0	0
1	13	3	"IMAGp950J0221"	"684"	5120	6540	150	119	139	110	166	265	251	2	1	0	171	188	64	193	255	163	2	0	0	0	0	0	0	0	0	0	0	0	0	0	0	0	0	0	0	0	0	2.136	5.400	1.863	1.524	3.205	1.705	0.589	0.000	0.000	0.000	0.000	0.000	0.000	0.000	0.000	0.000	0.000	0.000	0.000	0.000	0.000	156	1144	-69	-32	1.095	Error	Error	-47	-22	0	0	-27	-5	0	0	0	0
1	14	3	"IMAGp950J0621"	"688"	5390	6540	150	129	195	191	125	185	190	12	8	0	200	243	117	165	206	123	17	12	0	0	0	0	0	0	0	0	0	0	0	0	0	0	0	0	0	0	0	0.114	0.897	1.286	1.300	4.282	1.652	0.654	0.000	0.000	0.000	0.000	0.000	0.000	0.000	0.000	0.000	0.000	0.000	0.000	0.000	0.000	156	1144	39	148	-3.129	Error	Error	4	35	0	0	70	78	0	0	0	0
1	15	3	"IMAGp950J1021"	"692"	5670	6540	150	113	118	55	108	116	51	17	7	0	159	163	31	157	161	31	19	5	0	0	0	0	0	0	0	0	0	0	0	0	0	0	0	0	0	0	0	2.500	1.667	1.273	1.373	4.725	26.040	0.001	0.000	0.000	0.000	0.000	0.000	0.000	0.000	0.000	0.000	0.000	0.000	0.000	0.000	0.000	156	1144	7	16	1.322	Error	Error	5	2	0	0	10	6	0	0	0	0
1	16	3	"IMAGp950J1421"	"696"	5940	6540	150	144	190	157	111	117	51	40	23	0	186	259	187	155	159	48	41	26	0	0	0	0	0	0	0	0	0	0	0	0	0	0	0	0	0	0	0	1.065	0.760	1.002	0.990	3.890	0.746	0.461	0.000	0.000	0.000	0.000	0.000	0.000	0.000	0.000	0.000	0.000	0.000	0.000	0.000	0.000	156	1170	64	183	0.090	Error	Error	33	31	0	0	79	104	0	0	0	0
1	1	4	"IMAGp950A0422"	"772"	1820	6830	150	448	547	732	319	346	268	28	7	0	425	567	779	329	358	320	16	5	0	0	0	0	0	0	0	0	0	0	0	0	0	0	0	0	0	0	0	1.344	0.958	1.415	1.253	3.394	0.977	0.288	0.000	0.000	0.000	0.000	0.000	0.000	0.000	0.000	0.000	0.000	0.000	0.000	0.000	0.000	156	1170	225	466	0.426	Error	Error	129	96	0	0	228	238	0	0	0	0
1	2	4	"IMAGp950A0822"	"776"	2090	6830	150	400	419	174	288	314	184	30	7	0	411	434	158	324	331	135	32	5	0	0	0	0	0	0	0	0	0	0	0	0	0	0	0	0	0	0	0	1.287	1.191	1.346	1.316	3.611	1.461	0.380	0.000	0.000	0.000	0.000	0.000	0.000	0.000	0.000	0.000	0.000	0.000	0.000	0.000	0.000	156	1144	199	241	0.364	Error	Error	112	87	0	0	131	110	0	0	0	0
1	3	4	"IMAGp950A1222"	"780"	2370	6830	150	106	122	58	124	175	153	1	0	0	180	184	44	167	203	104	2	0	0	0	0	0	0	0	0	0	0	0	0	0	0	0	0	0	0	0	0	-1.385	-0.118	1.552	1.327	3.135	1.441	0.509	0.000	0.000	0.000	0.000	0.000	0.000	0.000	0.000	0.000	0.000	0.000	0.000	0.000	0.000	156	1144	-5	15	Error	Error	Error	-18	13	0	0	-2	17	0	0	0	0
1	4	4	"IMAGp950A1622"	"784"	2640	6830	150	109	112	51	108	112	48	15	5	0	157	163	37	155	163	79	5	0	0	0	0	0	0	0	0	0	0	0	0	0	0	0	0	0	0	0	0	0.500	0.500	1.500	1.356	4.404	14.021	0.004	0.000	0.000	0.000	0.000	0.000	0.000	0.000	0.000	0.000	0.000	0.000	0.000	0.000	0.000	156	1144	3	12	-1.000	Error	Error	1	2	0	0	4	8	0	0	0	0
1	5	4	"IMAGp950A2022"	"788"	2920	6830	150	125	133	74	107	113	52	25	8	0	181	210	168	158	161	33	41	24	0	0	0	0	0	0	0	0	0	0	0	0	0	0	0	0	0	0	0	0.783	0.500	1.089	0.991	4.311	0.381	0.159	0.000	0.000	0.000	0.000	0.000	0.000	0.000	0.000	0.000	0.000	0.000	0.000	0.000	0.000	156	1144	41	78	-0.354	Error	Error	18	23	0	0	26	52	0	0	0	0
1	6	4	"IMAGp950A2422"	"792"	3190	6820	150	136	168	130	114	124	70	28	16	0	197	206	63	155	160	40	50	31	0	0	0	0	0	0	0	0	0	0	0	0	0	0	0	0	0	0	0	0.524	1.059	1.641	1.440	3.561	2.952	0.235	0.000	0.000	0.000	0.000	0.000	0.000	0.000	0.000	0.000	0.000	0.000	0.000	0.000	0.000	156	1144	64	105	-0.933	Error	Error	22	42	0	0	54	51	0	0	0	0
1	7	4	"IMAGp950E0422"	"868"	3470	6820	150	151	167	99	116	150	142	10	4	0	223	224	77	154	177	178	7	0	0	0	0	0	0	0	0	0	0	0	0	0	0	0	0	0	0	0	0	0.507	0.729	0.941	0.851	3.504	0.292	0.111	0.000	0.000	0.000	0.000	0.000	0.000	0.000	0.000	0.000	0.000	0.000	0.000	0.000	0.000	156	1144	104	121	-0.979	Error	Error	35	69	0	0	51	70	0	0	0	0
1	8	4	"IMAGp950E0822"	"872"	3740	6820	150	176	1610	8380	124	170	173	9	4	1	265	1639	8259	164	196	103	48	17	1	0	0	0	0	0	0	0	0	0	0	0	0	0	0	0	0	0	0	0.515	1.007	0.697	0.703	2.769	1.131	0.880	0.000	0.000	0.000	0.000	0.000	0.000	0.000	0.000	0.000	0.000	0.000	0.000	0.000	0.000	156	1144	153	2961	-0.958	Error	Error	52	101	0	0	1486	1475	0	0	0	0
1	9	4	"IMAGp950E1222"	"876"	4020	6820	150	483	558	426	116	124	57	73	64	0	441	424	227	161	165	36	75	67	0	0	0	0	0	0	0	0	0	0	0	0	0	0	0	0	0	0	0	1.311	1.681	1.750	1.526	2.476	1.883	0.786	0.000	0.000	0.000	0.000	0.000	0.000	0.000	0.000	0.000	0.000	0.000	0.000	0.000	0.000	156	1144	647	705	0.390	Error	Error	367	280	0	0	442	263	0	0	0	0
1	10	4	"IMAGp950E1622"	"880"	4290	6820	150	120	122	51	117	123	53	18	3	0	159	162	34	162	168	41	8	1	0	0	0	0	0	0	0	0	0	0	0	0	0	0	0	0	0	0	0	-1.000	100000.000	2.000	1.915	4.151	4.389	0.019	0.000	0.000	0.000	0.000	0.000	0.000	0.000	0.000	0.000	0.000	0.000	0.000	0.000	0.000	156	1144	0	5	Error	Error	Error	3	-3	0	0	5	0	0	0	0	0
1	11	4	"IMAGp950E2022"	"884"	4570	6820	150	145	153	67	127	159	210	0	0	0	221	228	67	173	193	192	3	0	0	0	0	0	0	0	0	0	0	0	0	0	0	0	0	0	0	0	0	0.375	0.473	0.893	0.895	4.127	1.124	0.055	0.000	0.000	0.000	0.000	0.000	0.000	0.000	0.000	0.000	0.000	0.000	0.000	0.000	0.000	156	1144	66	81	-1.415	Error	Error	18	48	0	0	26	55	0	0	0	0
1	12	4	"IMAGp950E2422"	"888"	4840	6820	150	190	310	285	133	206	269	23	14	0	246	297	164	175	217	198	25	9	0	0	0	0	0	0	0	0	0	0	0	0	0	0	0	0	0	0	0	0.803	1.451	1.586	1.342	3.369	2.069	0.773	0.000	0.000	0.000	0.000	0.000	0.000	0.000	0.000	0.000	0.000	0.000	0.000	0.000	0.000	156	1144	128	299	-0.317	Error	Error	57	71	0	0	177	122	0	0	0	0
1	13	4	"IMAGp950I0422"	"964"	5120	6820	150	905	867	373	182	304	338	78	53	0	591	591	191	207	289	279	74	15	0	0	0	0	0	0	0	0	0	0	0	0	0	0	0	0	0	0	0	1.883	1.784	1.705	1.697	1.691	1.423	0.523	0.000	0.000	0.000	0.000	0.000	0.000	0.000	0.000	0.000	0.000	0.000	0.000	0.000	0.000	156	1144	1107	1069	0.913	Error	Error	723	384	0	0	685	384	0	0	0	0
1	14	4	"IMAGp950I0822"	"968"	5390	6820	150	143	166	97	140	208	216	5	0	0	196	205	59	184	231	139	4	0	0	0	0	0	0	0	0	0	0	0	0	0	0	0	0	0	0	0	0	0.250	1.238	1.310	1.376	3.710	1.522	0.500	0.000	0.000	0.000	0.000	0.000	0.000	0.000	0.000	0.000	0.000	0.000	0.000	0.000	0.000	156	1144	15	47	-2.000	Error	Error	3	12	0	0	26	21	0	0	0	0
1	15	4	"IMAGp950I1222"	"972"	5670	6810	150	130	140	63	116	149	890	0	0	0	231	240	78	168	172	37	59	46	0	0	0	0	0	0	0	0	0	0	0	0	0	0	0	0	0	0	0	0.222	0.333	0.871	0.789	4.159	1.095	0.031	0.000	0.000	0.000	0.000	0.000	0.000	0.000	0.000	0.000	0.000	0.000	0.000	0.000	0.000	156	1144	77	96	-2.170	Error	Error	14	63	0	0	24	72	0	0	0	0
1	16	4	"IMAGp950I1622"	"976"	5940	6810	150	118	122	48	115	147	880	0	0	0	169	170	29	161	163	50	8	0	0	0	0	0	0	0	0	0	0	0	0	0	0	0	0	0	0	0	0	0.375	0.778	1.462	1.552	3.469	47.738	0.381	0.000	0.000	0.000	0.000	0.000	0.000	0.000	0.000	0.000	0.000	0.000	0.000	0.000	0.000	156	1170	11	16	-1.415	Error	Error	3	8	0	0	7	9	0	0	0	0
1	1	5	"IMAGp950I2022"	"980"	1820	7100	150	343	378	193	196	262	194	39	12	0	311	315	110	213	260	162	33	1	0	0	0	0	0	0	0	0	0	0	0	0	0	0	0	0	0	0	0	1.500	1.784	1.701	1.495	2.592	2.176	0.542	0.000	0.000	0.000	0.000	0.000	0.000	0.000	0.000	0.000	0.000	0.000	0.000	0.000	0.000	156	1170	245	284	0.585	Error	Error	147	98	0	0	182	102	0	0	0	0
1	2	5	"IMAGp950I2422"	"984"	2090	7100	150	251	272	147	198	279	217	16	2	0	305	309	107	232	275	129	28	4	0	0	0	0	0	0	0	0	0	0	0	0	0	0	0	0	0	0	0	0.726	0.961	1.243	1.281	2.955	1.665	0.398	0.000	0.000	0.000	0.000	0.000	0.000	0.000	0.000	0.000	0.000	0.000	0.000	0.000	0.000	156	1144	126	151	-0.462	Error	Error	53	73	0	0	74	77	0	0	0	0
1	3	5	"IMAGp950M0422"	"1060"	2370	7100	150	118	130	93	115	130	85	10	2	0	231	277	460	168	181	62	50	14	0	0	0	0	0	0	0	0	0	0	0	0	0	0	0	0	0	0	0	0.048	0.138	0.802	0.676	4.673	0.155	0.207	0.000	0.000	0.000	0.000	0.000	0.000	0.000	0.000	0.000	0.000	0.000	0.000	0.000	0.000	156	1144	66	124	-4.392	Error	Error	3	63	0	0	15	109	0	0	0	0
1	4	5	"IMAGp950M0822"	"1064"	2640	7100	150	112	115	48	110	117	54	15	2	0	161	168	44	161	170	79	5	1	0	0	0	0	0	0	0	0	0	0	0	0	0	0	0	0	0	0	0	100000.000	0.714	1.522	1.608	5.040	0.069	0.009	0.000	0.000	0.000	0.000	0.000	0.000	0.000	0.000	0.000	0.000	0.000	0.000	0.000	0.000	156	1144	2	12	16.610	Error	Error	2	0	0	0	5	7	0	0	0	0
1	5	5	"IMAGp950M1222"	"1068"	2920	7100	150	118	120	52	109	117	54	23	3	0	170	173	35	158	166	54	10	1	0	0	0	0	0	0	0	0	0	0	0	0	0	0	0	0	0	0	0	0.750	0.733	1.611	1.577	3.885	3.646	0.044	0.000	0.000	0.000	0.000	0.000	0.000	0.000	0.000	0.000	0.000	0.000	0.000	0.000	0.000	156	1144	21	26	-0.415	Error	Error	9	12	0	0	11	15	0	0	0	0
1	2	4	"IMAGp950A0822"	"776"	2130	7230	150	110	113	53	123	164	123	0	0	0	193	217	79	183	244	134	13	0	0	0	0	0	0	0	0	0	0	0	0	0	0	0	0	0	0	0	0	-1.300	-0.294	1.027	0.826	3.954	1.000	0.319	0.000	0.000	0.000	0.000	0.000	0.000	0.000	0.000	0.000	0.000	0.000	0.000	0.000	0.000	156	1144	-3	24	Error	Error	Error	-13	10	0	0	-10	34	0	0	0	0
1	3	4	"IMAGp950A1222"	"780"	2410	7230	150	229	240	111	204	231	144	18	2	0	344	354	111	322	332	163	14	0	0	0	0	0	0	0	0	0	0	0	0	0	0	0	0	0	0	0	0	1.136	1.125	0.961	1.022	3.094	0.779	0.490	0.000	0.000	0.000	0.000	0.000	0.000	0.000	0.000	0.000	0.000	0.000	0.000	0.000	0.000	156	1144	47	68	0.184	Error	Error	25	22	0	0	36	32	0	0	0	0
1	4	4	"IMAGp950A1622"	"784"	2680	7230	150	106	108	47	158	176	98	1	0	0	172	184	56	258	280	137	1	0	0	0	0	0	0	0	0	0	0	0	0	0	0	0	0	0	0	0	0	0.605	0.676	0.725	0.600	2.487	0.766	0.376	0.000	0.000	0.000	0.000	0.000	0.000	0.000	0.000	0.000	0.000	0.000	0.000	0.000	0.000	156	1144	-138	-124	-0.726	Error	Error	-52	-86	0	0	-50	-74	0	0	0	0
1	5	4	"IMAGp950A2022"	"788"	2960	7230	150	165	189	128	147	164	94	25	7	0	280	335	331	213	264	138	33	9	0	0	0	0	0	0	0	0	0	0	0	0	0	0	0	0	0	0	0	0.269	0.344	0.781	0.800	4.038	0.395	0.326	0.000	0.000	0.000	0.000	0.000	0.000	0.000	0.000	0.000	0.000	0.000	0.000	0.000	0.000	156	1144	85	164	-1.896	Error	Error	18	67	0	0	42	122	0	0	0	0
1	6	4	"IMAGp950A2422"	"792"	3230	7220	150	103	110	52	117	135	86	5	0	0	206	207	50	175	200	87	13	0	0	0	0	0	0	0	0	0	0	0	0	0	0	0	0	0	0	0	0	-0.452	-0.219	0.956	1.125	5.125	0.978	0.107	0.000	0.000	0.000	0.000	0.000	0.000	0.000	0.000	0.000	0.000	0.000	0.000	0.000	0.000	156	1144	17	25	Error	Error	Error	-14	31	0	0	-7	32	0	0	0	0
1	7	4	"IMAGp950E0422"	"868"	3510	7220	150	256	265	111	193	222	131	29	4	0	343	351	117	276	293	119	30	7	0	0	0	0	0	0	0	0	0	0	0	0	0	0	0	0	0	0	0	0.940	0.960	1.071	0.942	3.532	1.131	0.295	0.000	0.000	0.000	0.000	0.000	0.000	0.000	0.000	0.000	0.000	0.000	0.000	0.000	0.000	156	1144	130	147	-0.089	Error	Error	63	67	0	0	72	75	0	0	0	0
1	8	4	"IMAGp950E0822"	"872"	3780	7220	150	183	259	215	149	189	129	32	20	0	326	357	257	232	276	126	41	15	0	0	0	0	0	0	0	0	0	0	0	0	0	0	0	0	0	0	0	0.362	0.880	0.988	0.932	3.116	0.947	0.483	0.000	0.000	0.000	0.000	0.000	0.000	0.000	0.000	0.000	0.000	0.000	0.000	0.000	0.000	156	1144	128	235	-1.467	Error	Error	34	94	0	0	110	125	0	0	0	0
1	9	4	"IMAGp950E1222"	"876"	4060	7220	150	202	543	562	105	109	48	56	50	0	242	582	518	170	186	81	46	44	0	0	0	0	0	0	0	0	0	0	0	0	0	0	0	0	0	0	0	1.347	1.063	1.105	1.134	2.615	1.066	0.751	0.000	0.000	0.000	0.000	0.000	0.000	0.000	0.000	0.000	0.000	0.000	0.000	0.000	0.000	156	1144	169	850	0.430	Error	Error	97	72	0	0	438	412	0	0	0	0
1	10	4	"IMAGp950E1622"	"880"	4330	7220	150	108	115	49	102	108	47	24	7	0	181	188	66	168	171	34	28	9	0	0	0	0	0	0	0	0	0	0	0	0	0	0	0	0	0	0	0	0.462	0.650	1.111	1.182	4.420	2.500	0.012	0.000	0.000	0.000	0.000	0.000	0.000	0.000	0.000	0.000	0.000	0.000	0.000	0.000	0.000	156	1144	19	33	-1.115	Error	Error	6	13	0	0	13	20	0	0	0	0
1	11	4	"IMAGp950E2022"	"884"	4610	7220	150	118	128	68	105	111	48	32	10	0	190	227	112	166	172	44	40	27	0	0	0	0	0	0	0	0	0	0	0	0	0	0	0	0	0	0	0	0.542	0.377	0.765	0.825	4.630	0.472	0.073	0.000	0.000	0.000	0.000	0.000	0.000	0.000	0.000	0.000	0.000	0.000	0.000	0.000	0.000	156	1144	37	84	-0.885	Error	Error	13	24	0	0	23	61	0	0	0	0
1	12	4	"IMAGp950E2422"	"888"	4880	7220	150	103	117	62	103	109	48	20	9	0	170	193	79	163	171	47	24	14	0	0	0	0	0	0	0	0	0	0	0	0	0	0	0	0	0	0	0	0.000	0.467	1.000	0.927	3.654	1.137	0.092	0.000	0.000	0.000	0.000	0.000	0.000	0.000	0.000	0.000	0.000	0.000	0.000	0.000	0.000	156	1144	7	44	Error	Error	Error	0	7	0	0	14	30	0	0	0	0
1	13	4	"IMAGp950I0422"	"964"	5160	7220	150	480	522	333	110	558	4747	0	0	0	596	565	305	176	653	4911	0	0	0	0	0	0	0	0	0	0	0	0	0	0	0	0	0	0	0	0	0	0.881	1.059	1.058	1.167	2.639	0.964	0.860	0.000	0.000	0.000	0.000	0.000	0.000	0.000	0.000	0.000	0.000	0.000	0.000	0.000	0.000	156	1144	790	801	-0.183	Error	Error	370	420	0	0	412	389	0	0	0	0
1	14	4	"IMAGp950I0822"	"968"	5430	7220	150	108	113	50	106	111	47	19	5	0	170	174	36	166	173	45	13	1	0	0	0	0	0	0	0	0	0	0	0	0	0	0	0	0	0	0	0	0.500	0.875	1.444	1.480	3.078	0.413	0.010	0.000	0.000	0.000	0.000	0.000	0.000	0.000	0.000	0.000	0.000	0.000	0.000	0.000	0.000	156	1144	6	15	-1.000	Error	Error	2	4	0	0	7	8	0	0	0	0
1	15	4	"IMAGp950I1222"	"972"	5710	7210	150	112	119	58	102	108	47	21	9	0	186	215	86	163	169	48	40	21	0	0	0	0	0	0	0	0	0	0	0	0	0	0	0	0	0	0	0	0.435	0.327	0.916	0.902	4.438	0.357	0.031	0.000	0.000	0.000	0.000	0.000	0.000	0.000	0.000	0.000	0.000	0.000	0.000	0.000	0.000	156	1144	33	69	-1.202	Error	Error	10	23	0	0	17	52	0	0	0	0
1	16	4	"IMAGp950I1622"	"976"	5980	7210	150	100	106	49	104	111	98	3	0	0	165	169	35	158	164	77	3	0	0	0	0	0	0	0	0	0	0	0	0	0	0	0	0	0	0	0	0	-0.571	0.182	1.679	1.862	3.319	12.506	0.005	0.000	0.000	0.000	0.000	0.000	0.000	0.000	0.000	0.000	0.000	0.000	0.000	0.000	0.000	156	1170	3	13	Error	Error	Error	-4	7	0	0	2	11	0	0	0	0
1	1	5	"IMAGp950I2022"	"980"	1860	7500	150	97	107	66	97	102	46	20	4	0	174	211	181	162	167	40	27	12	0	0	0	0	0	0	0	0	0	0	0	0	0	0	0	0	0	0	0	0.000	0.204	1.318	1.515	4.670	0.228	0.086	0.000	0.000	0.000	0.000	0.000	0.000	0.000	0.000	0.000	0.000	0.000	0.000	0.000	0.000	156	1170	12	59	Error	Error	Error	0	12	0	0	10	49	0	0	0	0
1	2	5	"IMAGp950I2422"	"984"	2130	7500	150	120	140	70	98	115	81	25	5	0	202	276	140	165	185	81	42	37	0	0	0	0	0	0	0	0	0	0	0	0	0	0	0	0	0	0	0	0.595	0.378	0.479	0.595	3.888	0.352	0.201	0.000	0.000	0.000	0.000	0.000	0.000	0.000	0.000	0.000	0.000	0.000	0.000	0.000	0.000	156	1144	59	153	-0.750	Error	Error	22	37	0	0	42	111	0	0	0	0
1	3	5	"IMAGp950M0422"	"1060"	2410	7500	150	168	212	139	194	228	147	17	4	0	292	318	124	291	325	169	13	1	0	0	0	0	0	0	0	0	0	0	0	0	0	0	0	0	0	0	0	-26.000	0.667	1.086	1.045	3.350	0.801	0.559	0.000	0.000	0.000	0.000	0.000	0.000	0.000	0.000	0.000	0.000	0.000	0.000	0.000	0.000	156	1144	-25	45	Error	Error	Error	-26	1	0	0	18	27	0	0	0	0
1	4	5	"IMAGp950M0822"	"1064"	2680	7500	150	255	252	98	246	257	114	11	3	0	455	488	156	418	441	193	11	4	0	0	0	0	0	0	0	0	0	0	0	0	0	0	0	0	0	0	0	0.243	0.086	1.345	1.251	5.144	0.164	0.035	0.000	0.000	0.000	0.000	0.000	0.000	0.000	0.000	0.000	0.000	0.000	0.000	0.000	0.000	156	1144	46	76	-2.040	Error	Error	9	37	0	0	6	70	0	0	0	0
1	5	5	"IMAGp950M1222"	"1068"	2960	7500	150	107	114	50	171	188	106	0	0	0	175	183	47	293	318	179	0	0	0	0	0	0	0	0	0	0	0	0	0	0	0	0	0	0	0	0	0	0.542	0.518	0.605	0.534	2.258	0.676	0.411	0.000	0.000	0.000	0.000	0.000	0.000	0.000	0.000	0.000	0.000	0.000	0.000	0.000	0.000	156	1144	-182	-167	-0.883	Error	Error	-64	-118	0	0	-57	-110	0	0	0	0
1	2	4	"IMAGp950A0822"	"776"	2130	7230	150	110	113	53	123	164	123	0	0	0	193	217	79	183	244	134	13	0	0	0	0	0	0	0	0	0	0	0	0	0	0	0	0	0	0	0	0	-1.300	-0.294	1.027	0.826	3.954	1.000	0.319	0.000	0.000	0.000	0.000	0.000	0.000	0.000	0.000	0.000	0.000	0.000	0.000	0.000	0.000	156	1144	-3	24	Error	Error	Error	-13	10	0	0	-10	34	0	0	0	0
1	3	4	"IMAGp950A1222"	"780"	2410	7230	150	229	240	111	204	231	144	18	2	0	344	354	111	322	332	163	14	0	0	0	0	0	0	0	0	0	0	0	0	0	0	0	0	0	0	0	0	1.136	1.125	0.961	1.022	3.094	0.779	0.490	0.000	0.000	0.000	0.000	0.000	0.000	0.000	0.000	0.000	0.000	0.000	0.000	0.000	0.000	156	1144	47	68	0.184	Error	Error	25	22	0	0	36	32	0	0	0	0
1	4	4	"IMAGp950A1622"	"784"	2680	7230	150	106	108	47	158	176	98	1	0	0	172	184	56	258	280	137	1	0	0	0	0	0	0	0	0	0	0	0	0	0	0	0	0	0	0	0	0	0.605	0.676	0.725	0.600	2.487	0.766	0.376	0.000	0.000	0.000	0.000	0.000	0.000	0.000	0.000	0.000	0.000	0.000	0.000	0.000	0.000	156	1144	-138	-124	-0.726	Error	Error	-52	-86	0	0	-50	-74	0	0	0	0
1	5	4	"IMAGp950A2022"	"788"	2960	7230	150	165	189	128	147	164	94	25	7	0	280	335	331	213	264	138	33	9	0	0	0	0	0	0	0	0	0	0	0	0	0	0	0	0	0	0	0	0.269	0.344	0.781	0.800	4.038	0.395	0.326	0.000	0.000	0.000	0.000	0.000	0.000	0.000	0.000	0.000	0.000	0.000	0.000	0.000	0.000	156	1144	85	164	-1.896	Error	Error	18	67	0	0	42	122	0	0	0	0
1	6	4	"IMAGp950A2422"	"792"	3230	7220	150	103	110	52	117	135	86	5	0	0	206	207	50	175	200	87	13	0	0	0	0	0	0	0	0	0	0	0	0	0	0	0	0	0	0	0	0	-0.452	-0.219	0.956	1.125	5.125	0.978	0.107	0.000	0.000	0.000	0.000	0.000	0.000	0.000	0.000	0.000	0.000	0.000	0.000	0.000	0.000	156	1144	17	25	Error	Error	Error	-14	31	0	0	-7	32	0	0	0	0
1	7	4	"IMAGp950E0422"	"868"	3510	7220	150	256	265	111	193	222	131	29	4	0	343	351	117	276	293	119	30	7	0	0	0	0	0	0	0	0	0	0	0	0	0	0	0	0	0	0	0	0.940	0.960	1.071	0.942	3.532	1.131	0.295	0.000	0.000	0.000	0.000	0.000	0.000	0.000	0.000	0.000	0.000	0.000	0.000	0.000	0.000	156	1144	130	147	-0.089	Error	Error	63	67	0	0	72	75	0	0	0	0
1	8	4	"IMAGp950E0822"	"872"	3780	7220	150	183	259	215	149	189	129	32	20	0	326	357	257	232	276	126	41	15	0	0	0	0	0	0	0	0	0	0	0	0	0	0	0	0	0	0	0	0.362	0.880	0.988	0.932	3.116	0.947	0.483	0.000	0.000	0.000	0.000	0.000	0.000	0.000	0.000	0.000	0.000	0.000	0.000	0.000	0.000	156	1144	128	235	-1.467	Error	Error	34	94	0	0	110	125	0	0	0	0
1	9	4	"IMAGp950E1222"	"876"	4060	7220	150	202	543	562	105	109	48	56	50	0	242	582	518	170	186	81	46	44	0	0	0	0	0	0	0	0	0	0	0	0	0	0	0	0	0	0	0	1.347	1.063	1.105	1.134	2.615	1.066	0.751	0.000	0.000	0.000	0.000	0.000	0.000	0.000	0.000	0.000	0.000	0.000	0.000	0.000	0.000	156	1144	169	850	0.430	Error	Error	97	72	0	0	438	412	0	0	0	0
1	10	4	"IMAGp950E1622"	"880"	4330	7220	150	108	115	49	102	108	47	24	7	0	181	188	66	168	171	34	28	9	0	0	0	0	0	0	0	0	0	0	0	0	0	0	0	0	0	0	0	0.462	0.650	1.111	1.182	4.420	2.500	0.012	0.000	0.000	0.000	0.000	0.000	0.000	0.000	0.000	0.000	0.000	0.000	0.000	0.000	0.000	156	1144	19	33	-1.115	Error	Error	6	13	0	0	13	20	0	0	0	0
1	11	4	"IMAGp950E2022"	"884"	4610	7220	150	118	128	68	105	111	48	32	10	0	190	227	112	166	172	44	40	27	0	0	0	0	0	0	0	0	0	0	0	0	0	0	0	0	0	0	0	0.542	0.377	0.765	0.825	4.630	0.472	0.073	0.000	0.000	0.000	0.000	0.000	0.000	0.000	0.000	0.000	0.000	0.000	0.000	0.000	0.000	156	1144	37	84	-0.885	Error	Error	13	24	0	0	23	61	0	0	0	0
1	12	4	"IMAGp950E2422"	"888"	4880	7220	150	103	117	62	103	109	48	20	9	0	170	193	79	163	171	47	24	14	0	0	0	0	0	0	0	0	0	0	0	0	0	0	0	0	0	0	0	0.000	0.467	1.000	0.927	3.654	1.137	0.092	0.000	0.000	0.000	0.000	0.000	0.000	0.000	0.000	0.000	0.000	0.000	0.000	0.000	0.000	156	1144	7	44	Error	Error	Error	0	7	0	0	14	30	0	0	0	0
1	13	4	"IMAGp950I0422"	"964"	5160	7220	150	480	522	333	110	558	4747	0	0	0	596	565	305	176	653	4911	0	0	0	0	0	0	0	0	0	0	0	0	0	0	0	0	0	0	0	0	0	0.881	1.059	1.058	1.167	2.639	0.964	0.860	0.000	0.000	0.000	0.000	0.000	0.000	0.000	0.000	0.000	0.000	0.000	0.000	0.000	0.000	156	1144	790	801	-0.183	Error	Error	370	420	0	0	412	389	0	0	0	0
1	14	4	"IMAGp950I0822"	"968"	5430	7220	150	108	113	50	106	111	47	19	5	0	170	174	36	166	173	45	13	1	0	0	0	0	0	0	0	0	0	0	0	0	0	0	0	0	0	0	0	0.500	0.875	1.444	1.480	3.078	0.413	0.010	0.000	0.000	0.000	0.000	0.000	0.000	0.000	0.000	0.000	0.000	0.000	0.000	0.000	0.000	156	1144	6	15	-1.000	Error	Error	2	4	0	0	7	8	0	0	0	0
1	15	4	"IMAGp950I1222"	"972"	5710	7210	150	112	119	58	102	108	47	21	9	0	186	215	86	163	169	48	40	21	0	0	0	0	0	0	0	0	0	0	0	0	0	0	0	0	0	0	0	0.435	0.327	0.916	0.902	4.438	0.357	0.031	0.000	0.000	0.000	0.000	0.000	0.000	0.000	0.000	0.000	0.000	0.000	0.000	0.000	0.000	156	1144	33	69	-1.202	Error	Error	10	23	0	0	17	52	0	0	0	0
1	16	4	"IMAGp950I1622"	"976"	5980	7210	150	100	106	49	104	111	98	3	0	0	165	169	35	158	164	77	3	0	0	0	0	0	0	0	0	0	0	0	0	0	0	0	0	0	0	0	0	-0.571	0.182	1.679	1.862	3.319	12.506	0.005	0.000	0.000	0.000	0.000	0.000	0.000	0.000	0.000	0.000	0.000	0.000	0.000	0.000	0.000	156	1170	3	13	Error	Error	Error	-4	7	0	0	2	11	0	0	0	0
1	1	5	"IMAGp950I2022"	"980"	1860	7500	150	97	107	66	97	102	46	20	4	0	174	211	181	162	167	40	27	12	0	0	0	0	0	0	0	0	0	0	0	0	0	0	0	0	0	0	0	0.000	0.204	1.318	1.515	4.670	0.228	0.086	0.000	0.000	0.000	0.000	0.000	0.000	0.000	0.000	0.000	0.000	0.000	0.000	0.000	0.000	156	1170	12	59	Error	Error	Error	0	12	0	0	10	49	0	0	0	0
1	2	5	"IMAGp950I2422"	"984"	2130	7500	150	120	140	70	98	115	81	25	5	0	202	276	140	165	185	81	42	37	0	0	0	0	0	0	0	0	0	0	0	0	0	0	0	0	0	0	0	0.595	0.378	0.479	0.595	3.888	0.352	0.201	0.000	0.000	0.000	0.000	0.000	0.000	0.000	0.000	0.000	0.000	0.000	0.000	0.000	0.000	156	1144	59	153	-0.750	Error	Error	22	37	0	0	42	111	0	0	0	0
1	3	5	"IMAGp950M0422"	"1060"	2410	7500	150	168	212	139	194	228	147	17	4	0	292	318	124	291	325	169	13	1	0	0	0	0	0	0	0	0	0	0	0	0	0	0	0	0	0	0	0	-26.000	0.667	1.086	1.045	3.350	0.801	0.559	0.000	0.000	0.000	0.000	0.000	0.000	0.000	0.000	0.000	0.000	0.000	0.000	0.000	0.000	156	1144	-25	45	Error	Error	Error	-26	1	0	0	18	27	0	0	0	0
1	4	5	"IMAGp950M0822"	"1064"	2680	7500	150	255	252	98	246	257	114	11	3	0	455	488	156	418	441	193	11	4	0	0	0	0	0	0	0	0	0	0	0	0	0	0	0	0	0	0	0	0.243	0.086	1.345	1.251	5.144	0.164	0.035	0.000	0.000	0.000	0.000	0.000	0.000	0.000	0.000	0.000	0.000	0.000	0.000	0.000	0.000	156	1144	46	76	-2.040	Error	Error	9	37	0	0	6	70	0	0	0	0
1	5	5	"IMAGp950M1222"	"1068"	2960	7500	150	107	114	50	171	188	106	0	0	0	175	183	47	293	318	179	0	0	0	0	0	0	0	0	0	0	0	0	0	0	0	0	0	0	0	0	0	0.542	0.518	0.605	0.534	2.258	0.676	0.411	0.000	0.000	0.000	0.000	0.000	0.000	0.000	0.000	0.000	0.000	0.000	0.000	0.000	0.000	156	1144	-182	-167	-0.883	Error	Error	-64	-118	0	0	-57	-110	0	0	0	0
