ATF	1.0
27	82    
"Type=GenePix Results 2"
"DateTime=2002/09/13 09:46:12"
"Settings="
"GalFile=A:\ scheiss.gal"
"PixelSize=10"
"Wavelengths=635	532"
"ImageFiles=K:\jschneid\Axon-Daten\Charge_C\Amplifikationsversuch_230702\Slide83_710-540_2002-09-13_C_532_nm_635.tif 0	K:\jschneid\Axon-Daten\Charge_C\Amplifikationsversuch_230702\Slide83_710-540_2002-09-13_C_532_nm_532.tif 0"
"NormalizationMethod=None"
"NormalizationFactors=1	1"
"JpegImage=K:\jschneid\Axon-Auswertung\Charge_C\Ampli_Vgl_100602\mit_Genpix4\Slide83_710-540_2002-09-13_C_532_nm_0635.jpg"
"RatioFormulations=W1/W2 (635/532)"
"Barcode="
"BackgroundSubtraction=LocalFeature"
"ImageOrigin=480, 4970"
"JpegOrigin=720, 5900"
"Creator=GenePix Pro 4.0.0.54"
"Scanner=GenePix 4000B [84972]"
"FocusPosition=0"
"Temperature=30.6"
"LinesAveraged=1"
"Comment="
"PMTGain=710	540"
"ScanPower=100	100"
"LaserPower=3.53	3.38"
"LaserOnTime=7576	7563"
"ScanRegion=48,497,2088,4289"
"Supplier="
"Block"	"Column"	"Row"	"Name"	"ID"	"X"	"Y"	"Dia."	"F635 Median"	"F635 Mean"	"F635 SD"	"B635 Median"	"B635 Mean"	"B635 SD"	"% > B635+1SD"	"% > B635+2SD"	"F635 % Sat."	"F532 Median"	"F532 Mean"	"F532 SD"	"B532 Median"	"B532 Mean"	"B532 SD"	"% > B532+1SD"	"% > B532+2SD"	"F532 % Sat."	"F3 Median"	"F3 Mean"	"F3 SD"	"B3 Median"	"B3 Mean"	"B3 SD"	"% > B3+1SD"	"% > B3+2SD"	"F3 % Sat."	"F4 Median"	"F4 Mean"	"F4 SD"	"B4 Median"	"B4 Mean"	"B4 SD"	"% > B4+1SD"	"% > B4+2SD"	"F4 % Sat."	"Ratio of Medians (635/532)"	"Ratio of Means (635/532)"	"Median of Ratios (635/532)"	"Mean of Ratios (635/532)"	"Ratios SD (635/532)"	"Rgn Ratio (635/532)"	"Rgn R² (635/532)"	"Ratio of Medians (Ratio/2)"	"Ratio of Means (Ratio/2)"	"Median of Ratios (Ratio/2)"	"Mean of Ratios (Ratio/2)"	"Ratios SD (Ratio/2)"	"Rgn Ratio (Ratio/2)"	"Rgn R² (Ratio/2)"	"Ratio of Medians (Ratio/3)"	"Ratio of Means (Ratio/3)"	"Median of Ratios (Ratio/3)"	"Mean of Ratios (Ratio/3)"	"Ratios SD (Ratio/3)"	"Rgn Ratio (Ratio/3)"	"Rgn R² (Ratio/3)"	"F Pixels"	"B Pixels"	"Sum of Medians"	"Sum of Means"	"Log Ratio (635/532)"	"Log Ratio (Ratio/2)"	"Log Ratio (Ratio/3)"	"F635 Median - B635"	"F532 Median - B532"	"F3 Median - B3"	"F4 Median - B4"	"F635 Mean - B635"	"F532 Mean - B532"	"F3 Mean - B3"	"F4 Mean - B4"	"Flags"	"Normalize"
1	1	1	"IMAGp950B111"	"4"	1030	6380	150	91	97	42	87	91	42	18	5	0	126	131	55	122	125	41	8	2	0	0	0	0	0	0	0	0	0	0	0	0	0	0	0	0	0	0	0	1.000	1.111	1.216	1.154	4.731	8.339	0.001	0.000	0.000	0.000	0.000	0.000	0.000	0.000	0.000	0.000	0.000	0.000	0.000	0.000	0.000	156	1196	8	19	0.000	Error	Error	4	4	0	0	10	9	0	0	0	0
1	2	1	"IMAGp950E031"	"8"	1300	6370	150	91	97	45	87	91	42	21	5	0	123	124	25	118	120	30	15	3	0	0	0	0	0	0	0	0	0	0	0	0	0	0	0	0	0	0	0	0.800	1.667	1.800	1.901	4.454	0.028	0.001	0.000	0.000	0.000	0.000	0.000	0.000	0.000	0.000	0.000	0.000	0.000	0.000	0.000	0.000	156	1170	9	16	-0.322	Error	Error	4	5	0	0	10	6	0	0	0	0
1	3	1	"IMAGp950H241"	"12"	1570	6370	150	86	93	45	87	93	42	20	3	0	123	128	50	115	119	29	19	5	0	0	0	0	0	0	0	0	0	0	0	0	0	0	0	0	0	0	0	-0.125	0.462	1.721	1.728	3.628	63.769	0.000	0.000	0.000	0.000	0.000	0.000	0.000	0.000	0.000	0.000	0.000	0.000	0.000	0.000	0.000	156	1182	7	19	Error	Error	Error	-1	8	0	0	6	13	0	0	0	0
1	4	1	"IMAGp950J091"	"16"	1850	6370	150	84	90	41	88	94	42	12	6	0	116	122	39	119	123	35	8	1	0	0	0	0	0	0	0	0	0	0	0	0	0	0	0	0	0	0	0	1.333	0.667	1.681	1.586	3.948	0.533	0.006	0.000	0.000	0.000	0.000	0.000	0.000	0.000	0.000	0.000	0.000	0.000	0.000	0.000	0.000	156	1182	-7	5	0.415	Error	Error	-4	-3	0	0	2	3	0	0	0	0
1	5	1	"IMAGp950K211"	"20"	2120	6370	150	90	90	37	89	95	43	9	3	0	123	127	32	119	124	39	8	1	0	0	0	0	0	0	0	0	0	0	0	0	0	0	0	0	0	0	0	0.250	0.125	1.457	1.525	4.569	1.670	0.005	0.000	0.000	0.000	0.000	0.000	0.000	0.000	0.000	0.000	0.000	0.000	0.000	0.000	0.000	156	1182	5	9	-2.000	Error	Error	1	4	0	0	1	8	0	0	0	0
1	6	1	"IMAGp950N161"	"24"	2400	6370	150	88	92	43	91	97	44	16	3	0	118	122	34	121	128	45	3	1	0	0	0	0	0	0	0	0	0	0	0	0	0	0	0	0	0	0	0	1.000	1.000	1.844	1.468	4.259	18.889	0.000	0.000	0.000	0.000	0.000	0.000	0.000	0.000	0.000	0.000	0.000	0.000	0.000	0.000	0.000	156	1170	-6	2	0.000	Error	Error	-3	-3	0	0	1	1	0	0	0	0
1	7	1	"IMAGp950L074"	"100"	2670	6370	150	95	102	47	89	93	40	27	8	0	132	142	49	121	124	34	30	13	0	0	0	0	0	0	0	0	0	0	0	0	0	0	0	0	0	0	0	0.545	0.619	1.193	1.351	4.168	1.994	0.002	0.000	0.000	0.000	0.000	0.000	0.000	0.000	0.000	0.000	0.000	0.000	0.000	0.000	0.000	156	1170	17	34	-0.874	Error	Error	6	11	0	0	13	21	0	0	0	0
1	8	1	"IMAGp950M014"	"104"	2950	6370	150	86	96	47	87	95	57	14	3	0	125	128	27	119	135	164	0	0	0	0	0	0	0	0	0	0	0	0	0	0	0	0	0	0	0	0	0	-0.167	1.000	1.646	1.598	3.610	0.196	0.310	0.000	0.000	0.000	0.000	0.000	0.000	0.000	0.000	0.000	0.000	0.000	0.000	0.000	0.000	156	1170	5	18	Error	Error	Error	-1	6	0	0	9	9	0	0	0	0
1	9	1	"IMAGp950M144"	"108"	3220	6370	150	90	114	71	89	97	69	17	8	0	136	254	293	119	141	252	16	10	0	0	0	0	0	0	0	0	0	0	0	0	0	0	0	0	0	0	0	0.059	0.185	0.946	0.946	4.677	0.198	0.344	0.000	0.000	0.000	0.000	0.000	0.000	0.000	0.000	0.000	0.000	0.000	0.000	0.000	0.000	156	1170	18	160	-4.087	Error	Error	1	17	0	0	25	135	0	0	0	0
1	10	1	"IMAGp950O014"	"112"	3500	6360	150	103	132	105	88	94	44	31	19	0	149	355	421	118	123	43	44	32	0	0	0	0	0	0	0	0	0	0	0	0	0	0	0	0	0	0	0	0.484	0.186	0.414	0.553	4.961	0.199	0.409	0.000	0.000	0.000	0.000	0.000	0.000	0.000	0.000	0.000	0.000	0.000	0.000	0.000	0.000	156	1182	46	281	-1.047	Error	Error	15	31	0	0	44	237	0	0	0	0
1	11	1	"IMAGp950B085"	"116"	3770	6360	150	189	493	625	93	98	47	62	50	0	458	1282	1675	120	132	62	71	63	0	0	0	0	0	0	0	0	0	0	0	0	0	0	0	0	0	0	0	0.284	0.344	0.373	0.362	2.721	0.334	0.764	0.000	0.000	0.000	0.000	0.000	0.000	0.000	0.000	0.000	0.000	0.000	0.000	0.000	0.000	156	1182	434	1562	-1.816	Error	Error	96	338	0	0	400	1162	0	0	0	0
1	12	1	"IMAGp950C245"	"120"	4050	6360	150	96	110	131	94	101	52	15	3	0	121	185	563	119	133	83	1	1	0	0	0	0	0	0	0	0	0	0	0	0	0	0	0	0	0	0	0	1.000	0.242	1.682	1.589	4.018	0.188	0.516	0.000	0.000	0.000	0.000	0.000	0.000	0.000	0.000	0.000	0.000	0.000	0.000	0.000	0.000	156	1182	4	82	0.000	Error	Error	2	2	0	0	16	66	0	0	0	0
1	13	1	"IMAGp950C218"	"196"	4320	6360	150	247	331	258	93	98	51	64	56	0	668	675	520	117	122	34	91	83	0	0	0	0	0	0	0	0	0	0	0	0	0	0	0	0	0	0	0	0.279	0.427	0.467	0.453	2.063	0.437	0.712	0.000	0.000	0.000	0.000	0.000	0.000	0.000	0.000	0.000	0.000	0.000	0.000	0.000	0.000	156	1182	705	796	-1.839	Error	Error	154	551	0	0	238	558	0	0	0	0
1	14	1	"IMAGp950G088"	"200"	4600	6360	150	95	103	48	88	95	43	23	9	0	123	125	34	116	125	78	1	0	0	0	0	0	0	0	0	0	0	0	0	0	0	0	0	0	0	0	0	1.000	1.667	1.200	1.173	4.607	0.165	0.018	0.000	0.000	0.000	0.000	0.000	0.000	0.000	0.000	0.000	0.000	0.000	0.000	0.000	0.000	156	1182	14	24	0.000	Error	Error	7	7	0	0	15	9	0	0	0	0
1	15	1	"IMAGp950K138"	"204"	4870	6360	150	84	95	48	90	94	42	19	6	0	131	139	44	117	119	28	32	16	0	0	0	0	0	0	0	0	0	0	0	0	0	0	0	0	0	0	0	-0.429	0.227	1.477	1.151	4.337	4.843	0.022	0.000	0.000	0.000	0.000	0.000	0.000	0.000	0.000	0.000	0.000	0.000	0.000	0.000	0.000	156	1170	8	27	Error	Error	Error	-6	14	0	0	5	22	0	0	0	0
1	16	1	"IMAGp950L148"	"208"	5150	6360	150	152	254	348	93	98	44	56	44	0	270	488	921	118	126	49	64	55	0	0	0	0	0	0	0	0	0	0	0	0	0	0	0	0	0	0	0	0.388	0.435	0.545	0.550	3.046	0.321	0.719	0.000	0.000	0.000	0.000	0.000	0.000	0.000	0.000	0.000	0.000	0.000	0.000	0.000	0.000	156	1208	211	531	-1.365	Error	Error	59	152	0	0	161	370	0	0	0	0
1	1	2	"IMAGp950M138"	"212"	1030	6650	150	90	95	46	86	92	43	21	5	0	135	163	86	125	127	33	32	19	0	0	0	0	0	0	0	0	0	0	0	0	0	0	0	0	0	0	0	0.400	0.237	0.889	0.935	5.891	0.135	0.005	0.000	0.000	0.000	0.000	0.000	0.000	0.000	0.000	0.000	0.000	0.000	0.000	0.000	0.000	156	1158	14	47	-1.322	Error	Error	4	10	0	0	9	38	0	0	0	0
1	2	2	"IMAGp950N178"	"216"	1300	6650	150	98	102	44	86	93	50	17	5	0	141	169	92	122	137	124	12	3	0	0	0	0	0	0	0	0	0	0	0	0	0	0	0	0	0	0	0	0.632	0.340	0.783	0.855	4.892	0.098	0.008	0.000	0.000	0.000	0.000	0.000	0.000	0.000	0.000	0.000	0.000	0.000	0.000	0.000	0.000	156	1144	31	63	-0.663	Error	Error	12	19	0	0	16	47	0	0	0	0
1	3	2	"IMAGp950J0111"	"292"	1580	6650	150	140	236	226	88	96	54	49	39	0	192	690	753	118	134	136	46	44	0	0	0	0	0	0	0	0	0	0	0	0	0	0	0	0	0	0	0	0.703	0.259	0.338	0.430	3.602	0.273	0.752	0.000	0.000	0.000	0.000	0.000	0.000	0.000	0.000	0.000	0.000	0.000	0.000	0.000	0.000	156	1144	126	720	-0.509	Error	Error	52	74	0	0	148	572	0	0	0	0
1	4	2	"IMAGp950K1511"	"296"	1850	6650	150	87	90	39	88	93	43	14	1	0	128	144	110	121	128	50	12	2	0	0	0	0	0	0	0	0	0	0	0	0	0	0	0	0	0	0	0	-0.143	0.087	1.344	1.434	4.924	0.101	0.020	0.000	0.000	0.000	0.000	0.000	0.000	0.000	0.000	0.000	0.000	0.000	0.000	0.000	0.000	156	1144	6	25	Error	Error	Error	-1	7	0	0	2	23	0	0	0	0
1	5	2	"IMAGp950M0411"	"300"	2130	6650	150	84	91	42	87	92	41	16	5	0	118	122	32	119	123	32	12	4	0	0	0	0	0	0	0	0	0	0	0	0	0	0	0	0	0	0	0	3.000	1.333	2.042	1.921	4.109	0.031	0.000	0.000	0.000	0.000	0.000	0.000	0.000	0.000	0.000	0.000	0.000	0.000	0.000	0.000	0.000	156	1144	-4	7	1.585	Error	Error	-3	-1	0	0	4	3	0	0	0	0
1	6	2	"IMAGp950N1511"	"304"	2400	6640	150	95	102	49	89	94	42	22	10	0	139	158	78	121	124	31	32	19	0	0	0	0	0	0	0	0	0	0	0	0	0	0	0	0	0	0	0	0.333	0.351	1.000	0.895	3.935	0.640	0.028	0.000	0.000	0.000	0.000	0.000	0.000	0.000	0.000	0.000	0.000	0.000	0.000	0.000	0.000	156	1144	24	50	-1.585	Error	Error	6	18	0	0	13	37	0	0	0	0
1	7	2	"IMAGp950P0511"	"308"	2680	6640	150	98	106	66	89	94	41	28	13	0	147	198	132	119	125	39	42	28	0	0	0	0	0	0	0	0	0	0	0	0	0	0	0	0	0	0	0	0.321	0.215	0.743	0.985	4.642	0.295	0.119	0.000	0.000	0.000	0.000	0.000	0.000	0.000	0.000	0.000	0.000	0.000	0.000	0.000	0.000	156	1144	37	96	-1.637	Error	Error	9	28	0	0	17	79	0	0	0	0
1	8	2	"IMAGp950A1012"	"312"	2950	6640	150	102	101	41	87	95	62	13	0	0	128	129	30	118	132	205	0	0	0	0	0	0	0	0	0	0	0	0	0	0	0	0	0	0	0	0	0	1.500	1.273	1.500	1.473	3.265	70.194	0.000	0.000	0.000	0.000	0.000	0.000	0.000	0.000	0.000	0.000	0.000	0.000	0.000	0.000	0.000	156	1144	25	25	0.585	Error	Error	15	10	0	0	14	11	0	0	0	0
1	9	2	"IMAGp950J0514"	"388"	3230	6640	150	99	102	46	89	97	62	16	1	0	144	174	87	118	133	207	4	1	0	0	0	0	0	0	0	0	0	0	0	0	0	0	0	0	0	0	0	0.385	0.232	0.817	0.839	4.351	0.181	0.193	0.000	0.000	0.000	0.000	0.000	0.000	0.000	0.000	0.000	0.000	0.000	0.000	0.000	0.000	156	1144	36	69	-1.379	Error	Error	10	26	0	0	13	56	0	0	0	0
1	10	2	"IMAGp950L1114"	"392"	3500	6640	150	93	96	41	91	97	44	17	3	0	118	123	36	119	125	43	5	1	0	0	0	0	0	0	0	0	0	0	0	0	0	0	0	0	0	0	0	-2.000	1.250	1.645	1.660	4.244	2.523	0.005	0.000	0.000	0.000	0.000	0.000	0.000	0.000	0.000	0.000	0.000	0.000	0.000	0.000	0.000	156	1144	1	9	Error	Error	Error	2	-1	0	0	5	4	0	0	0	0
1	11	2	"IMAGp950M2214"	"396"	3780	6640	150	96	102	58	92	98	56	12	3	0	137	163	129	119	130	126	7	3	0	0	0	0	0	0	0	0	0	0	0	0	0	0	0	0	0	0	0	0.222	0.227	1.359	1.486	4.491	0.381	0.136	0.000	0.000	0.000	0.000	0.000	0.000	0.000	0.000	0.000	0.000	0.000	0.000	0.000	0.000	156	1144	22	54	-2.170	Error	Error	4	18	0	0	10	44	0	0	0	0
1	12	2	"IMAGp950O1414"	"400"	4050	6640	150	108	108	47	92	97	46	21	6	0	152	179	82	115	119	33	50	35	0	0	0	0	0	0	0	0	0	0	0	0	0	0	0	0	0	0	0	0.432	0.250	0.673	0.723	3.324	0.397	0.041	0.000	0.000	0.000	0.000	0.000	0.000	0.000	0.000	0.000	0.000	0.000	0.000	0.000	0.000	156	1144	53	80	-1.209	Error	Error	16	37	0	0	16	64	0	0	0	0
1	13	2	"IMAGp950A0815"	"404"	4330	6640	150	99	102	51	90	98	46	18	4	0	134	157	97	117	123	46	26	10	0	0	0	0	0	0	0	0	0	0	0	0	0	0	0	0	0	0	0	0.529	0.300	1.111	0.989	5.116	0.421	0.077	0.000	0.000	0.000	0.000	0.000	0.000	0.000	0.000	0.000	0.000	0.000	0.000	0.000	0.000	156	1144	26	52	-0.918	Error	Error	9	17	0	0	12	40	0	0	0	0
1	14	2	"IMAGp950C0915"	"408"	4600	6640	150	143	200	153	92	98	45	53	38	0	225	407	344	118	128	77	54	42	0	0	0	0	0	0	0	0	0	0	0	0	0	0	0	0	0	0	0	0.477	0.374	0.462	0.535	3.368	0.339	0.515	0.000	0.000	0.000	0.000	0.000	0.000	0.000	0.000	0.000	0.000	0.000	0.000	0.000	0.000	156	1144	158	397	-1.069	Error	Error	51	107	0	0	108	289	0	0	0	0
1	15	2	"IMAGp950K1817"	"484"	4880	6630	150	103	106	47	95	107	103	3	0	0	132	147	53	122	141	110	8	0	0	0	0	0	0	0	0	0	0	0	0	0	0	0	0	0	0	0	0	0.800	0.440	0.906	1.006	4.067	1.102	0.569	0.000	0.000	0.000	0.000	0.000	0.000	0.000	0.000	0.000	0.000	0.000	0.000	0.000	0.000	156	1144	18	36	-0.322	Error	Error	8	10	0	0	11	25	0	0	0	0
1	16	2	"IMAGp950N0117"	"488"	5150	6630	150	217	393	398	96	111	92	53	46	0	380	591	593	120	144	144	56	48	0	0	0	0	0	0	0	0	0	0	0	0	0	0	0	0	0	0	0	0.465	0.631	0.664	0.714	2.750	0.611	0.667	0.000	0.000	0.000	0.000	0.000	0.000	0.000	0.000	0.000	0.000	0.000	0.000	0.000	0.000	156	1170	381	768	-1.104	Error	Error	121	260	0	0	297	471	0	0	0	0
1	1	3	"IMAGp950B0118"	"492"	1030	6920	150	96	103	47	86	92	42	27	7	0	156	212	152	126	132	67	30	23	0	0	0	0	0	0	0	0	0	0	0	0	0	0	0	0	0	0	0	0.333	0.198	0.555	0.530	4.621	0.137	0.050	0.000	0.000	0.000	0.000	0.000	0.000	0.000	0.000	0.000	0.000	0.000	0.000	0.000	0.000	156	1170	40	103	-1.585	Error	Error	10	30	0	0	17	86	0	0	0	0
1	2	3	"IMAGp950E0518"	"496"	1300	6920	150	105	207	213	87	92	41	39	33	0	184	1435	2085	123	135	80	45	37	0	0	0	0	0	0	0	0	0	0	0	0	0	0	0	0	0	0	0	0.295	0.091	0.141	0.244	5.237	0.088	0.756	0.000	0.000	0.000	0.000	0.000	0.000	0.000	0.000	0.000	0.000	0.000	0.000	0.000	0.000	156	1144	79	1432	-1.761	Error	Error	18	61	0	0	120	1312	0	0	0	0
1	3	3	"IMAGp950G1218"	"500"	1580	6920	150	97	100	43	87	94	50	21	3	0	136	182	110	118	128	103	22	10	0	0	0	0	0	0	0	0	0	0	0	0	0	0	0	0	0	0	0	0.556	0.203	0.711	0.862	4.975	0.151	0.019	0.000	0.000	0.000	0.000	0.000	0.000	0.000	0.000	0.000	0.000	0.000	0.000	0.000	0.000	156	1144	28	77	-0.848	Error	Error	10	18	0	0	13	64	0	0	0	0
1	4	3	"IMAGp950I0318"	"504"	1850	6920	150	80	87	39	89	93	43	14	2	0	121	120	24	119	127	51	2	0	0	0	0	0	0	0	0	0	0	0	0	0	0	0	0	0	0	0	0	-4.500	-2.000	1.736	1.708	4.292	0.127	0.004	0.000	0.000	0.000	0.000	0.000	0.000	0.000	0.000	0.000	0.000	0.000	0.000	0.000	0.000	156	1144	-7	-1	Error	Error	Error	-9	2	0	0	-2	1	0	0	0	0
1	5	3	"IMAGp950B0121"	"580"	2130	6920	150	92	95	42	86	90	42	21	6	0	134	136	31	120	122	27	27	11	0	0	0	0	0	0	0	0	0	0	0	0	0	0	0	0	0	0	0	0.429	0.563	1.728	1.419	2.862	6.909	0.018	0.000	0.000	0.000	0.000	0.000	0.000	0.000	0.000	0.000	0.000	0.000	0.000	0.000	0.000	156	1144	20	25	-1.222	Error	Error	6	14	0	0	9	16	0	0	0	0
1	6	3	"IMAGp950B0521"	"584"	2400	6920	150	94	97	41	88	93	43	20	5	0	119	123	30	120	124	34	11	2	0	0	0	0	0	0	0	0	0	0	0	0	0	0	0	0	0	0	0	-6.000	3.000	1.724	1.541	3.731	69.539	0.000	0.000	0.000	0.000	0.000	0.000	0.000	0.000	0.000	0.000	0.000	0.000	0.000	0.000	0.000	156	1144	5	12	Error	Error	Error	6	-1	0	0	9	3	0	0	0	0
1	7	3	"IMAGp950B0921"	"588"	2680	6920	150	101	101	44	88	93	42	23	7	0	178	189	64	117	121	32	64	47	0	0	0	0	0	0	0	0	0	0	0	0	0	0	0	0	0	0	0	0.213	0.181	0.724	0.757	5.363	0.482	0.014	0.000	0.000	0.000	0.000	0.000	0.000	0.000	0.000	0.000	0.000	0.000	0.000	0.000	0.000	156	1144	74	85	-2.230	Error	Error	13	61	0	0	13	72	0	0	0	0
1	8	3	"IMAGp950B1321"	"592"	2950	6920	150	87	92	41	88	94	42	19	4	0	124	126	24	116	121	33	15	1	0	0	0	0	0	0	0	0	0	0	0	0	0	0	0	0	0	0	0	-0.125	0.400	2.258	1.919	5.062	16.272	0.003	0.000	0.000	0.000	0.000	0.000	0.000	0.000	0.000	0.000	0.000	0.000	0.000	0.000	0.000	156	1144	7	14	Error	Error	Error	-1	8	0	0	4	10	0	0	0	0
1	9	3	"IMAGp950B1721"	"596"	3230	6920	150	150	223	178	92	99	46	53	41	0	260	433	362	119	129	61	55	51	0	0	0	0	0	0	0	0	0	0	0	0	0	0	0	0	0	0	0	0.411	0.417	0.482	0.548	3.117	0.422	0.650	0.000	0.000	0.000	0.000	0.000	0.000	0.000	0.000	0.000	0.000	0.000	0.000	0.000	0.000	156	1144	199	445	-1.282	Error	Error	58	141	0	0	131	314	0	0	0	0
1	10	3	"IMAGp950B2121"	"600"	3500	6910	150	105	107	49	91	96	48	23	8	0	148	195	179	119	138	442	3	0	0	0	0	0	0	0	0	0	0	0	0	0	0	0	0	0	0	0	0	0.483	0.211	0.769	0.705	4.212	0.111	0.031	0.000	0.000	0.000	0.000	0.000	0.000	0.000	0.000	0.000	0.000	0.000	0.000	0.000	0.000	156	1144	43	92	-1.051	Error	Error	14	29	0	0	16	76	0	0	0	0
1	11	3	"IMAGp950H2021"	"676"	3780	6910	150	106	113	54	92	97	59	22	3	0	148	172	78	121	146	459	0	0	0	0	0	0	0	0	0	0	0	0	0	0	0	0	0	0	0	0	0	0.519	0.412	0.704	0.699	3.345	0.062	0.265	0.000	0.000	0.000	0.000	0.000	0.000	0.000	0.000	0.000	0.000	0.000	0.000	0.000	0.000	156	1144	41	72	-0.948	Error	Error	14	27	0	0	21	51	0	0	0	0
1	12	3	"IMAGp950H2421"	"680"	4050	6910	150	112	127	67	93	97	45	33	15	0	146	199	114	117	124	57	39	35	0	0	0	0	0	0	0	0	0	0	0	0	0	0	0	0	0	0	0	0.655	0.415	0.600	0.699	3.952	0.469	0.167	0.000	0.000	0.000	0.000	0.000	0.000	0.000	0.000	0.000	0.000	0.000	0.000	0.000	0.000	156	1144	48	116	-0.610	Error	Error	19	29	0	0	34	82	0	0	0	0
1	13	3	"IMAGp950J0221"	"684"	4330	6910	150	90	94	39	91	97	44	15	3	0	117	120	27	115	124	58	3	0	0	0	0	0	0	0	0	0	0	0	0	0	0	0	0	0	0	0	0	-0.500	0.600	1.367	1.470	3.425	3.387	0.001	0.000	0.000	0.000	0.000	0.000	0.000	0.000	0.000	0.000	0.000	0.000	0.000	0.000	0.000	156	1144	1	8	Error	Error	Error	-1	2	0	0	3	5	0	0	0	0
1	14	3	"IMAGp950J0621"	"688"	4600	6910	150	126	149	103	91	98	49	43	25	0	173	328	320	118	124	71	44	35	0	0	0	0	0	0	0	0	0	0	0	0	0	0	0	0	0	0	0	0.636	0.276	0.394	0.485	3.670	0.245	0.366	0.000	0.000	0.000	0.000	0.000	0.000	0.000	0.000	0.000	0.000	0.000	0.000	0.000	0.000	156	1144	90	268	-0.652	Error	Error	35	55	0	0	58	210	0	0	0	0
1	15	3	"IMAGp950J1021"	"692"	4880	6910	150	94	116	128	94	111	146	3	1	0	129	158	134	121	144	172	5	3	0	0	0	0	0	0	0	0	0	0	0	0	0	0	0	0	0	0	0	0.000	0.595	1.905	1.406	3.974	0.595	0.316	0.000	0.000	0.000	0.000	0.000	0.000	0.000	0.000	0.000	0.000	0.000	0.000	0.000	0.000	156	1144	8	59	Error	Error	Error	0	8	0	0	22	37	0	0	0	0
1	16	3	"IMAGp950J1421"	"696"	5150	6910	150	102	200	343	96	118	176	11	8	0	161	497	1046	120	151	219	26	16	0	0	0	0	0	0	0	0	0	0	0	0	0	0	0	0	0	0	0	0.146	0.276	0.496	0.678	4.451	0.375	0.617	0.000	0.000	0.000	0.000	0.000	0.000	0.000	0.000	0.000	0.000	0.000	0.000	0.000	0.000	156	1170	47	481	-2.773	Error	Error	6	41	0	0	104	377	0	0	0	0
1	1	4	"IMAGp950A0422"	"772"	1030	7200	150	108	127	96	90	103	130	9	3	0	225	404	576	126	183	807	8	4	0	0	0	0	0	0	0	0	0	0	0	0	0	0	0	0	0	0	0	0.182	0.133	0.302	0.358	3.910	0.129	0.661	0.000	0.000	0.000	0.000	0.000	0.000	0.000	0.000	0.000	0.000	0.000	0.000	0.000	0.000	156	1170	117	315	-2.459	Error	Error	18	99	0	0	37	278	0	0	0	0
1	2	4	"IMAGp950A0822"	"776"	1300	7200	150	87	96	47	87	95	98	6	0	0	125	131	39	122	142	338	0	0	0	0	0	0	0	0	0	0	0	0	0	0	0	0	0	0	0	0	0	0.000	1.000	1.552	1.576	3.141	0.379	0.021	0.000	0.000	0.000	0.000	0.000	0.000	0.000	0.000	0.000	0.000	0.000	0.000	0.000	0.000	156	1144	3	18	Error	Error	Error	0	3	0	0	9	9	0	0	0	0
1	3	4	"IMAGp950A1222"	"780"	1580	7200	150	90	91	37	87	92	42	14	3	0	129	143	51	118	121	34	32	14	0	0	0	0	0	0	0	0	0	0	0	0	0	0	0	0	0	0	0	0.273	0.160	0.882	0.908	3.926	4.540	0.004	0.000	0.000	0.000	0.000	0.000	0.000	0.000	0.000	0.000	0.000	0.000	0.000	0.000	0.000	156	1144	14	29	-1.874	Error	Error	3	11	0	0	4	25	0	0	0	0
1	4	4	"IMAGp950A1622"	"784"	1850	7200	150	82	92	44	88	94	43	17	3	0	117	292	2159	121	124	31	8	1	0	0	0	0	0	0	0	0	0	0	0	0	0	0	0	0	0	0	0	1.500	0.023	2.209	2.240	3.138	0.002	0.003	0.000	0.000	0.000	0.000	0.000	0.000	0.000	0.000	0.000	0.000	0.000	0.000	0.000	0.000	156	1144	-10	175	0.585	Error	Error	-6	-4	0	0	4	171	0	0	0	0
1	5	4	"IMAGp950A2022"	"788"	2130	7200	150	99	104	59	85	98	136	1	0	0	142	175	185	122	133	247	2	1	0	0	0	0	0	0	0	0	0	0	0	0	0	0	0	0	0	0	0	0.700	0.358	1.206	1.084	3.762	0.232	0.132	0.000	0.000	0.000	0.000	0.000	0.000	0.000	0.000	0.000	0.000	0.000	0.000	0.000	0.000	156	1144	34	72	-0.515	Error	Error	14	20	0	0	19	53	0	0	0	0
1	6	4	"IMAGp950A2422"	"792"	2400	7190	150	97	102	45	88	99	136	1	0	0	159	184	96	120	134	248	7	0	0	0	0	0	0	0	0	0	0	0	0	0	0	0	0	0	0	0	0	0.231	0.219	0.757	0.772	4.624	0.510	0.901	0.000	0.000	0.000	0.000	0.000	0.000	0.000	0.000	0.000	0.000	0.000	0.000	0.000	0.000	156	1144	48	78	-2.115	Error	Error	9	39	0	0	14	64	0	0	0	0
1	7	4	"IMAGp950E0422"	"868"	2680	7190	150	112	120	64	88	95	52	33	10	0	185	249	150	116	130	185	31	7	0	0	0	0	0	0	0	0	0	0	0	0	0	0	0	0	0	0	0	0.348	0.241	0.473	0.506	3.669	0.257	0.127	0.000	0.000	0.000	0.000	0.000	0.000	0.000	0.000	0.000	0.000	0.000	0.000	0.000	0.000	156	1144	93	165	-1.524	Error	Error	24	69	0	0	32	133	0	0	0	0
1	8	4	"IMAGp950E0822"	"872"	2950	7190	150	96	102	45	88	93	42	23	7	0	139	158	55	118	122	28	47	35	0	0	0	0	0	0	0	0	0	0	0	0	0	0	0	0	0	0	0	0.381	0.350	0.855	0.761	4.499	1.965	0.015	0.000	0.000	0.000	0.000	0.000	0.000	0.000	0.000	0.000	0.000	0.000	0.000	0.000	0.000	156	1144	29	54	-1.392	Error	Error	8	21	0	0	14	40	0	0	0	0
1	9	4	"IMAGp950E1222"	"876"	3230	7190	150	163	207	149	91	99	55	53	41	0	316	522	438	119	131	117	54	48	0	0	0	0	0	0	0	0	0	0	0	0	0	0	0	0	0	0	0	0.365	0.288	0.353	0.427	3.556	0.246	0.534	0.000	0.000	0.000	0.000	0.000	0.000	0.000	0.000	0.000	0.000	0.000	0.000	0.000	0.000	156	1144	269	519	-1.452	Error	Error	72	197	0	0	116	403	0	0	0	0
1	10	4	"IMAGp950E1622"	"880"	3500	7190	150	87	95	44	91	95	53	16	1	0	111	116	24	117	128	113	0	0	0	0	0	0	0	0	0	0	0	0	0	0	0	0	0	0	0	0	0	0.667	-4.000	1.639	1.589	3.156	6.463	0.005	0.000	0.000	0.000	0.000	0.000	0.000	0.000	0.000	0.000	0.000	0.000	0.000	0.000	0.000	156	1144	-10	3	-0.585	Error	Error	-4	-6	0	0	4	-1	0	0	0	0
1	11	4	"IMAGp950E2022"	"884"	3780	7190	150	116	143	100	91	96	52	36	24	0	169	299	260	119	131	118	42	32	0	0	0	0	0	0	0	0	0	0	0	0	0	0	0	0	0	0	0	0.500	0.289	0.437	0.499	3.556	0.282	0.511	0.000	0.000	0.000	0.000	0.000	0.000	0.000	0.000	0.000	0.000	0.000	0.000	0.000	0.000	156	1144	75	232	-1.000	Error	Error	25	50	0	0	52	180	0	0	0	0
1	12	4	"IMAGp950E2422"	"888"	4050	7190	150	103	106	46	96	103	57	16	2	0	115	120	29	118	156	155	0	0	0	0	0	0	0	0	0	0	0	0	0	0	0	0	0	0	0	0	0	-2.333	5.000	1.609	1.671	4.405	0.385	0.029	0.000	0.000	0.000	0.000	0.000	0.000	0.000	0.000	0.000	0.000	0.000	0.000	0.000	0.000	156	1144	4	12	Error	Error	Error	7	-3	0	0	10	2	0	0	0	0
1	13	4	"IMAGp950I0422"	"964"	4330	7190	150	205	220	108	97	106	64	67	41	0	600	597	326	118	166	185	81	67	0	0	0	0	0	0	0	0	0	0	0	0	0	0	0	0	0	0	0	0.224	0.257	0.289	0.286	2.408	0.235	0.569	0.000	0.000	0.000	0.000	0.000	0.000	0.000	0.000	0.000	0.000	0.000	0.000	0.000	0.000	156	1144	590	602	-2.158	Error	Error	108	482	0	0	123	479	0	0	0	0
1	14	4	"IMAGp950I0822"	"968"	4600	7190	150	93	96	47	91	100	65	8	1	0	118	131	74	117	133	132	2	1	0	0	0	0	0	0	0	0	0	0	0	0	0	0	0	0	0	0	0	2.000	0.357	2.167	1.987	4.980	0.501	0.021	0.000	0.000	0.000	0.000	0.000	0.000	0.000	0.000	0.000	0.000	0.000	0.000	0.000	0.000	156	1144	3	19	1.000	Error	Error	2	1	0	0	5	14	0	0	0	0
1	15	4	"IMAGp950I1222"	"972"	4880	7180	150	161	233	255	91	103	98	42	26	0	306	549	760	118	131	84	56	51	0	0	0	0	0	0	0	0	0	0	0	0	0	0	0	0	0	0	0	0.372	0.329	0.398	0.498	3.179	0.339	0.608	0.000	0.000	0.000	0.000	0.000	0.000	0.000	0.000	0.000	0.000	0.000	0.000	0.000	0.000	156	1144	258	573	-1.425	Error	Error	70	188	0	0	142	431	0	0	0	0
1	16	4	"IMAGp950I1622"	"976"	5150	7180	150	115	179	304	93	113	158	7	6	0	128	264	582	117	139	184	12	8	0	0	0	0	0	0	0	0	0	0	0	0	0	0	0	0	0	0	0	2.000	0.585	1.359	1.343	4.364	0.515	0.653	0.000	0.000	0.000	0.000	0.000	0.000	0.000	0.000	0.000	0.000	0.000	0.000	0.000	0.000	156	1170	33	233	1.000	Error	Error	22	11	0	0	86	147	0	0	0	0
1	1	5	"IMAGp950I2022"	"980"	1030	7470	150	94	99	40	86	93	44	20	4	0	125	140	116	128	144	125	1	1	0	0	0	0	0	0	0	0	0	0	0	0	0	0	0	0	0	0	0	-2.667	1.083	1.131	1.150	3.791	0.094	0.058	0.000	0.000	0.000	0.000	0.000	0.000	0.000	0.000	0.000	0.000	0.000	0.000	0.000	0.000	156	1170	5	25	Error	Error	Error	8	-3	0	0	13	12	0	0	0	0
1	2	5	"IMAGp950I2422"	"984"	1300	7470	150	141	182	224	85	95	99	27	7	0	366	592	1153	123	146	338	42	12	0	0	0	0	0	0	0	0	0	0	0	0	0	0	0	0	0	0	0	0.230	0.207	0.253	0.299	3.736	0.202	0.845	0.000	0.000	0.000	0.000	0.000	0.000	0.000	0.000	0.000	0.000	0.000	0.000	0.000	0.000	156	1144	299	566	-2.117	Error	Error	56	243	0	0	97	469	0	0	0	0
1	3	5	"IMAGp950M0422"	"1060"	1580	7470	150	93	99	42	85	90	41	23	6	0	146	155	49	118	120	26	51	37	0	0	0	0	0	0	0	0	0	0	0	0	0	0	0	0	0	0	0	0.286	0.378	0.821	0.841	5.038	1.985	0.019	0.000	0.000	0.000	0.000	0.000	0.000	0.000	0.000	0.000	0.000	0.000	0.000	0.000	0.000	156	1144	36	51	-1.807	Error	Error	8	28	0	0	14	37	0	0	0	0
1	4	5	"IMAGp950M0822"	"1064"	1850	7470	150	85	97	48	87	100	127	2	0	0	122	143	83	120	141	263	1	1	0	0	0	0	0	0	0	0	0	0	0	0	0	0	0	0	0	0	0	-1.000	0.435	1.000	1.147	4.653	0.307	0.006	0.000	0.000	0.000	0.000	0.000	0.000	0.000	0.000	0.000	0.000	0.000	0.000	0.000	0.000	156	1144	0	33	Error	Error	Error	-2	2	0	0	10	23	0	0	0	0
1	5	5	"IMAGp950M1222"	"1068"	2130	7470	150	86	93	38	88	100	127	0	0	0	121	124	25	122	144	264	0	0	0	0	0	0	0	0	0	0	0	0	0	0	0	0	0	0	0	0	0	2.000	2.500	1.473	1.413	3.439	0.402	0.639	0.000	0.000	0.000	0.000	0.000	0.000	0.000	0.000	0.000	0.000	0.000	0.000	0.000	0.000	156	1144	-3	7	1.000	Error	Error	-2	-1	0	0	5	2	0	0	0	0
1	2	4	"IMAGp950A0822"	"776"	1300	7200	150	87	96	47	87	95	98	6	0	0	125	131	39	122	142	338	0	0	0	0	0	0	0	0	0	0	0	0	0	0	0	0	0	0	0	0	0	0.000	1.000	1.552	1.576	3.141	0.379	0.021	0.000	0.000	0.000	0.000	0.000	0.000	0.000	0.000	0.000	0.000	0.000	0.000	0.000	0.000	156	1144	3	18	Error	Error	Error	0	3	0	0	9	9	0	0	0	0
1	3	4	"IMAGp950A1222"	"780"	1580	7200	150	90	91	37	87	92	42	14	3	0	129	143	51	118	121	34	32	14	0	0	0	0	0	0	0	0	0	0	0	0	0	0	0	0	0	0	0	0.273	0.160	0.882	0.908	3.926	4.540	0.004	0.000	0.000	0.000	0.000	0.000	0.000	0.000	0.000	0.000	0.000	0.000	0.000	0.000	0.000	156	1144	14	29	-1.874	Error	Error	3	11	0	0	4	25	0	0	0	0
1	4	4	"IMAGp950A1622"	"784"	1850	7200	150	82	92	44	88	94	43	17	3	0	117	292	2159	121	124	31	8	1	0	0	0	0	0	0	0	0	0	0	0	0	0	0	0	0	0	0	0	1.500	0.023	2.209	2.240	3.138	0.002	0.003	0.000	0.000	0.000	0.000	0.000	0.000	0.000	0.000	0.000	0.000	0.000	0.000	0.000	0.000	156	1144	-10	175	0.585	Error	Error	-6	-4	0	0	4	171	0	0	0	0
1	5	4	"IMAGp950A2022"	"788"	2130	7200	150	99	104	59	85	98	136	1	0	0	142	175	185	122	133	247	2	1	0	0	0	0	0	0	0	0	0	0	0	0	0	0	0	0	0	0	0	0.700	0.358	1.206	1.084	3.762	0.232	0.132	0.000	0.000	0.000	0.000	0.000	0.000	0.000	0.000	0.000	0.000	0.000	0.000	0.000	0.000	156	1144	34	72	-0.515	Error	Error	14	20	0	0	19	53	0	0	0	0
1	6	4	"IMAGp950A2422"	"792"	2400	7190	150	97	102	45	88	99	136	1	0	0	159	184	96	120	134	248	7	0	0	0	0	0	0	0	0	0	0	0	0	0	0	0	0	0	0	0	0	0.231	0.219	0.757	0.772	4.624	0.510	0.901	0.000	0.000	0.000	0.000	0.000	0.000	0.000	0.000	0.000	0.000	0.000	0.000	0.000	0.000	156	1144	48	78	-2.115	Error	Error	9	39	0	0	14	64	0	0	0	0
1	7	4	"IMAGp950E0422"	"868"	2680	7190	150	112	120	64	88	95	52	33	10	0	185	249	150	116	130	185	31	7	0	0	0	0	0	0	0	0	0	0	0	0	0	0	0	0	0	0	0	0.348	0.241	0.473	0.506	3.669	0.257	0.127	0.000	0.000	0.000	0.000	0.000	0.000	0.000	0.000	0.000	0.000	0.000	0.000	0.000	0.000	156	1144	93	165	-1.524	Error	Error	24	69	0	0	32	133	0	0	0	0
1	8	4	"IMAGp950E0822"	"872"	2950	7190	150	96	102	45	88	93	42	23	7	0	139	158	55	118	122	28	47	35	0	0	0	0	0	0	0	0	0	0	0	0	0	0	0	0	0	0	0	0.381	0.350	0.855	0.761	4.499	1.965	0.015	0.000	0.000	0.000	0.000	0.000	0.000	0.000	0.000	0.000	0.000	0.000	0.000	0.000	0.000	156	1144	29	54	-1.392	Error	Error	8	21	0	0	14	40	0	0	0	0
1	9	4	"IMAGp950E1222"	"876"	3230	7190	150	163	207	149	91	99	55	53	41	0	316	522	438	119	131	117	54	48	0	0	0	0	0	0	0	0	0	0	0	0	0	0	0	0	0	0	0	0.365	0.288	0.353	0.427	3.556	0.246	0.534	0.000	0.000	0.000	0.000	0.000	0.000	0.000	0.000	0.000	0.000	0.000	0.000	0.000	0.000	156	1144	269	519	-1.452	Error	Error	72	197	0	0	116	403	0	0	0	0
1	10	4	"IMAGp950E1622"	"880"	3500	7190	150	87	95	44	91	95	53	16	1	0	111	116	24	117	128	113	0	0	0	0	0	0	0	0	0	0	0	0	0	0	0	0	0	0	0	0	0	0.667	-4.000	1.639	1.589	3.156	6.463	0.005	0.000	0.000	0.000	0.000	0.000	0.000	0.000	0.000	0.000	0.000	0.000	0.000	0.000	0.000	156	1144	-10	3	-0.585	Error	Error	-4	-6	0	0	4	-1	0	0	0	0
1	11	4	"IMAGp950E2022"	"884"	3780	7190	150	116	143	100	91	96	52	36	24	0	169	299	260	119	131	118	42	32	0	0	0	0	0	0	0	0	0	0	0	0	0	0	0	0	0	0	0	0.500	0.289	0.437	0.499	3.556	0.282	0.511	0.000	0.000	0.000	0.000	0.000	0.000	0.000	0.000	0.000	0.000	0.000	0.000	0.000	0.000	156	1144	75	232	-1.000	Error	Error	25	50	0	0	52	180	0	0	0	0
1	12	4	"IMAGp950E2422"	"888"	4050	7190	150	103	106	46	96	103	57	16	2	0	115	120	29	118	156	155	0	0	0	0	0	0	0	0	0	0	0	0	0	0	0	0	0	0	0	0	0	-2.333	5.000	1.609	1.671	4.405	0.385	0.029	0.000	0.000	0.000	0.000	0.000	0.000	0.000	0.000	0.000	0.000	0.000	0.000	0.000	0.000	156	1144	4	12	Error	Error	Error	7	-3	0	0	10	2	0	0	0	0
1	13	4	"IMAGp950I0422"	"964"	4330	7190	150	205	220	108	97	106	64	67	41	0	600	597	326	118	166	185	81	67	0	0	0	0	0	0	0	0	0	0	0	0	0	0	0	0	0	0	0	0.224	0.257	0.289	0.286	2.408	0.235	0.569	0.000	0.000	0.000	0.000	0.000	0.000	0.000	0.000	0.000	0.000	0.000	0.000	0.000	0.000	156	1144	590	602	-2.158	Error	Error	108	482	0	0	123	479	0	0	0	0
1	14	4	"IMAGp950I0822"	"968"	4600	7190	150	93	96	47	91	100	65	8	1	0	118	131	74	117	133	132	2	1	0	0	0	0	0	0	0	0	0	0	0	0	0	0	0	0	0	0	0	2.000	0.357	2.167	1.987	4.980	0.501	0.021	0.000	0.000	0.000	0.000	0.000	0.000	0.000	0.000	0.000	0.000	0.000	0.000	0.000	0.000	156	1144	3	19	1.000	Error	Error	2	1	0	0	5	14	0	0	0	0
1	15	4	"IMAGp950I1222"	"972"	4880	7180	150	161	233	255	91	103	98	42	26	0	306	549	760	118	131	84	56	51	0	0	0	0	0	0	0	0	0	0	0	0	0	0	0	0	0	0	0	0.372	0.329	0.398	0.498	3.179	0.339	0.608	0.000	0.000	0.000	0.000	0.000	0.000	0.000	0.000	0.000	0.000	0.000	0.000	0.000	0.000	156	1144	258	573	-1.425	Error	Error	70	188	0	0	142	431	0	0	0	0
1	16	4	"IMAGp950I1622"	"976"	5150	7180	150	115	179	304	93	113	158	7	6	0	128	264	582	117	139	184	12	8	0	0	0	0	0	0	0	0	0	0	0	0	0	0	0	0	0	0	0	2.000	0.585	1.359	1.343	4.364	0.515	0.653	0.000	0.000	0.000	0.000	0.000	0.000	0.000	0.000	0.000	0.000	0.000	0.000	0.000	0.000	156	1170	33	233	1.000	Error	Error	22	11	0	0	86	147	0	0	0	0
1	1	5	"IMAGp950I2022"	"980"	1030	7470	150	94	99	40	86	93	44	20	4	0	125	140	116	128	144	125	1	1	0	0	0	0	0	0	0	0	0	0	0	0	0	0	0	0	0	0	0	-2.667	1.083	1.131	1.150	3.791	0.094	0.058	0.000	0.000	0.000	0.000	0.000	0.000	0.000	0.000	0.000	0.000	0.000	0.000	0.000	0.000	156	1170	5	25	Error	Error	Error	8	-3	0	0	13	12	0	0	0	0
1	2	5	"IMAGp950I2422"	"984"	1300	7470	150	141	182	224	85	95	99	27	7	0	366	592	1153	123	146	338	42	12	0	0	0	0	0	0	0	0	0	0	0	0	0	0	0	0	0	0	0	0.230	0.207	0.253	0.299	3.736	0.202	0.845	0.000	0.000	0.000	0.000	0.000	0.000	0.000	0.000	0.000	0.000	0.000	0.000	0.000	0.000	156	1144	299	566	-2.117	Error	Error	56	243	0	0	97	469	0	0	0	0
1	3	5	"IMAGp950M0422"	"1060"	1580	7470	150	93	99	42	85	90	41	23	6	0	146	155	49	118	120	26	51	37	0	0	0	0	0	0	0	0	0	0	0	0	0	0	0	0	0	0	0	0.286	0.378	0.821	0.841	5.038	1.985	0.019	0.000	0.000	0.000	0.000	0.000	0.000	0.000	0.000	0.000	0.000	0.000	0.000	0.000	0.000	156	1144	36	51	-1.807	Error	Error	8	28	0	0	14	37	0	0	0	0
1	4	5	"IMAGp950M0822"	"1064"	1850	7470	150	85	97	48	87	100	127	2	0	0	122	143	83	120	141	263	1	1	0	0	0	0	0	0	0	0	0	0	0	0	0	0	0	0	0	0	0	-1.000	0.435	1.000	1.147	4.653	0.307	0.006	0.000	0.000	0.000	0.000	0.000	0.000	0.000	0.000	0.000	0.000	0.000	0.000	0.000	0.000	156	1144	0	33	Error	Error	Error	-2	2	0	0	10	23	0	0	0	0
1	5	5	"IMAGp950M1222"	"1068"	2130	7470	150	86	93	38	88	100	127	0	0	0	121	124	25	122	144	264	0	0	0	0	0	0	0	0	0	0	0	0	0	0	0	0	0	0	0	0	0	2.000	2.500	1.473	1.413	3.439	0.402	0.639	0.000	0.000	0.000	0.000	0.000	0.000	0.000	0.000	0.000	0.000	0.000	0.000	0.000	0.000	156	1144	-3	7	1.000	Error	Error	-2	-1	0	0	5	2	0	0	0	0
1	2	4	"IMAGp950A0822"	"776"	1300	7200	150	87	96	47	87	95	98	6	0	0	125	131	39	122	142	338	0	0	0	0	0	0	0	0	0	0	0	0	0	0	0	0	0	0	0	0	0	0.000	1.000	1.552	1.576	3.141	0.379	0.021	0.000	0.000	0.000	0.000	0.000	0.000	0.000	0.000	0.000	0.000	0.000	0.000	0.000	0.000	156	1144	3	18	Error	Error	Error	0	3	0	0	9	9	0	0	0	0
1	3	4	"IMAGp950A1222"	"780"	1580	7200	150	90	91	37	87	92	42	14	3	0	129	143	51	118	121	34	32	14	0	0	0	0	0	0	0	0	0	0	0	0	0	0	0	0	0	0	0	0.273	0.160	0.882	0.908	3.926	4.540	0.004	0.000	0.000	0.000	0.000	0.000	0.000	0.000	0.000	0.000	0.000	0.000	0.000	0.000	0.000	156	1144	14	29	-1.874	Error	Error	3	11	0	0	4	25	0	0	0	0
1	4	4	"IMAGp950A1622"	"784"	1850	7200	150	82	92	44	88	94	43	17	3	0	117	292	2159	121	124	31	8	1	0	0	0	0	0	0	0	0	0	0	0	0	0	0	0	0	0	0	0	1.500	0.023	2.209	2.240	3.138	0.002	0.003	0.000	0.000	0.000	0.000	0.000	0.000	0.000	0.000	0.000	0.000	0.000	0.000	0.000	0.000	156	1144	-10	175	0.585	Error	Error	-6	-4	0	0	4	171	0	0	0	0
1	5	4	"IMAGp950A2022"	"788"	2130	7200	150	99	104	59	85	98	136	1	0	0	142	175	185	122	133	247	2	1	0	0	0	0	0	0	0	0	0	0	0	0	0	0	0	0	0	0	0	0.700	0.358	1.206	1.084	3.762	0.232	0.132	0.000	0.000	0.000	0.000	0.000	0.000	0.000	0.000	0.000	0.000	0.000	0.000	0.000	0.000	156	1144	34	72	-0.515	Error	Error	14	20	0	0	19	53	0	0	0	0
1	6	4	"IMAGp950A2422"	"792"	2400	7190	150	97	102	45	88	99	136	1	0	0	159	184	96	120	134	248	7	0	0	0	0	0	0	0	0	0	0	0	0	0	0	0	0	0	0	0	0	0.231	0.219	0.757	0.772	4.624	0.510	0.901	0.000	0.000	0.000	0.000	0.000	0.000	0.000	0.000	0.000	0.000	0.000	0.000	0.000	0.000	156	1144	48	78	-2.115	Error	Error	9	39	0	0	14	64	0	0	0	0
1	7	4	"IMAGp950E0422"	"868"	2680	7190	150	112	120	64	88	95	52	33	10	0	185	249	150	116	130	185	31	7	0	0	0	0	0	0	0	0	0	0	0	0	0	0	0	0	0	0	0	0.348	0.241	0.473	0.506	3.669	0.257	0.127	0.000	0.000	0.000	0.000	0.000	0.000	0.000	0.000	0.000	0.000	0.000	0.000	0.000	0.000	156	1144	93	165	-1.524	Error	Error	24	69	0	0	32	133	0	0	0	0
1	8	4	"IMAGp950E0822"	"872"	2950	7190	150	96	102	45	88	93	42	23	7	0	139	158	55	118	122	28	47	35	0	0	0	0	0	0	0	0	0	0	0	0	0	0	0	0	0	0	0	0.381	0.350	0.855	0.761	4.499	1.965	0.015	0.000	0.000	0.000	0.000	0.000	0.000	0.000	0.000	0.000	0.000	0.000	0.000	0.000	0.000	156	1144	29	54	-1.392	Error	Error	8	21	0	0	14	40	0	0	0	0
1	9	4	"IMAGp950E1222"	"876"	3230	7190	150	163	207	149	91	99	55	53	41	0	316	522	438	119	131	117	54	48	0	0	0	0	0	0	0	0	0	0	0	0	0	0	0	0	0	0	0	0.365	0.288	0.353	0.427	3.556	0.246	0.534	0.000	0.000	0.000	0.000	0.000	0.000	0.000	0.000	0.000	0.000	0.000	0.000	0.000	0.000	156	1144	269	519	-1.452	Error	Error	72	197	0	0	116	403	0	0	0	0
1	10	4	"IMAGp950E1622"	"880"	3500	7190	150	87	95	44	91	95	53	16	1	0	111	116	24	117	128	113	0	0	0	0	0	0	0	0	0	0	0	0	0	0	0	0	0	0	0	0	0	0.667	-4.000	1.639	1.589	3.156	6.463	0.005	0.000	0.000	0.000	0.000	0.000	0.000	0.000	0.000	0.000	0.000	0.000	0.000	0.000	0.000	156	1144	-10	3	-0.585	Error	Error	-4	-6	0	0	4	-1	0	0	0	0
1	11	4	"IMAGp950E2022"	"884"	3780	7190	150	116	143	100	91	96	52	36	24	0	169	299	260	119	131	118	42	32	0	0	0	0	0	0	0	0	0	0	0	0	0	0	0	0	0	0	0	0.500	0.289	0.437	0.499	3.556	0.282	0.511	0.000	0.000	0.000	0.000	0.000	0.000	0.000	0.000	0.000	0.000	0.000	0.000	0.000	0.000	156	1144	75	232	-1.000	Error	Error	25	50	0	0	52	180	0	0	0	0
1	12	4	"IMAGp950E2422"	"888"	4050	7190	150	103	106	46	96	103	57	16	2	0	115	120	29	118	156	155	0	0	0	0	0	0	0	0	0	0	0	0	0	0	0	0	0	0	0	0	0	-2.333	5.000	1.609	1.671	4.405	0.385	0.029	0.000	0.000	0.000	0.000	0.000	0.000	0.000	0.000	0.000	0.000	0.000	0.000	0.000	0.000	156	1144	4	12	Error	Error	Error	7	-3	0	0	10	2	0	0	0	0
1	13	4	"IMAGp950I0422"	"964"	4330	7190	150	205	220	108	97	106	64	67	41	0	600	597	326	118	166	185	81	67	0	0	0	0	0	0	0	0	0	0	0	0	0	0	0	0	0	0	0	0.224	0.257	0.289	0.286	2.408	0.235	0.569	0.000	0.000	0.000	0.000	0.000	0.000	0.000	0.000	0.000	0.000	0.000	0.000	0.000	0.000	156	1144	590	602	-2.158	Error	Error	108	482	0	0	123	479	0	0	0	0
1	14	4	"IMAGp950I0822"	"968"	4600	7190	150	93	96	47	91	100	65	8	1	0	118	131	74	117	133	132	2	1	0	0	0	0	0	0	0	0	0	0	0	0	0	0	0	0	0	0	0	2.000	0.357	2.167	1.987	4.980	0.501	0.021	0.000	0.000	0.000	0.000	0.000	0.000	0.000	0.000	0.000	0.000	0.000	0.000	0.000	0.000	156	1144	3	19	1.000	Error	Error	2	1	0	0	5	14	0	0	0	0
1	15	4	"IMAGp950I1222"	"972"	4880	7180	150	161	233	255	91	103	98	42	26	0	306	549	760	118	131	84	56	51	0	0	0	0	0	0	0	0	0	0	0	0	0	0	0	0	0	0	0	0.372	0.329	0.398	0.498	3.179	0.339	0.608	0.000	0.000	0.000	0.000	0.000	0.000	0.000	0.000	0.000	0.000	0.000	0.000	0.000	0.000	156	1144	258	573	-1.425	Error	Error	70	188	0	0	142	431	0	0	0	0
1	16	4	"IMAGp950I1622"	"976"	5150	7180	150	115	179	304	93	113	158	7	6	0	128	264	582	117	139	184	12	8	0	0	0	0	0	0	0	0	0	0	0	0	0	0	0	0	0	0	0	2.000	0.585	1.359	1.343	4.364	0.515	0.653	0.000	0.000	0.000	0.000	0.000	0.000	0.000	0.000	0.000	0.000	0.000	0.000	0.000	0.000	156	1170	33	233	1.000	Error	Error	22	11	0	0	86	147	0	0	0	0
1	1	5	"IMAGp950I2022"	"980"	1030	7470	150	94	99	40	86	93	44	20	4	0	125	140	116	128	144	125	1	1	0	0	0	0	0	0	0	0	0	0	0	0	0	0	0	0	0	0	0	-2.667	1.083	1.131	1.150	3.791	0.094	0.058	0.000	0.000	0.000	0.000	0.000	0.000	0.000	0.000	0.000	0.000	0.000	0.000	0.000	0.000	156	1170	5	25	Error	Error	Error	8	-3	0	0	13	12	0	0	0	0
1	2	5	"IMAGp950I2422"	"984"	1300	7470	150	141	182	224	85	95	99	27	7	0	366	592	1153	123	146	338	42	12	0	0	0	0	0	0	0	0	0	0	0	0	0	0	0	0	0	0	0	0.230	0.207	0.253	0.299	3.736	0.202	0.845	0.000	0.000	0.000	0.000	0.000	0.000	0.000	0.000	0.000	0.000	0.000	0.000	0.000	0.000	156	1144	299	566	-2.117	Error	Error	56	243	0	0	97	469	0	0	0	0
1	3	5	"IMAGp950M0422"	"1060"	1580	7470	150	93	99	42	85	90	41	23	6	0	146	155	49	118	120	26	51	37	0	0	0	0	0	0	0	0	0	0	0	0	0	0	0	0	0	0	0	0.286	0.378	0.821	0.841	5.038	1.985	0.019	0.000	0.000	0.000	0.000	0.000	0.000	0.000	0.000	0.000	0.000	0.000	0.000	0.000	0.000	156	1144	36	51	-1.807	Error	Error	8	28	0	0	14	37	0	0	0	0
1	4	5	"IMAGp950M0822"	"1064"	1850	7470	150	85	97	48	87	100	127	2	0	0	122	143	83	120	141	263	1	1	0	0	0	0	0	0	0	0	0	0	0	0	0	0	0	0	0	0	0	-1.000	0.435	1.000	1.147	4.653	0.307	0.006	0.000	0.000	0.000	0.000	0.000	0.000	0.000	0.000	0.000	0.000	0.000	0.000	0.000	0.000	156	1144	0	33	Error	Error	Error	-2	2	0	0	10	23	0	0	0	0
1	5	5	"IMAGp950M1222"	"1068"	2130	7470	150	86	93	38	88	100	127	0	0	0	121	124	25	122	144	264	0	0	0	0	0	0	0	0	0	0	0	0	0	0	0	0	0	0	0	0	0	2.000	2.500	1.473	1.413	3.439	0.402	0.639	0.000	0.000	0.000	0.000	0.000	0.000	0.000	0.000	0.000	0.000	0.000	0.000	0.000	0.000	156	1144	-3	7	1.000	Error	Error	-2	-1	0	0	5	2	0	0	0	0
