ATF	1.0
27	82    
"Type=GenePix Results 2"
"DateTime=2002/09/13 09:35:27"
"Settings="
"GalFile=A:\ scheiss.gal"
"PixelSize=10"
"Wavelengths=635	532"
"ImageFiles=K:\jschneid\Axon-Daten\Charge_C\Amplifikationsversuch_230702\Slide81_710-540_2002-09-13_C_532_nm_635.tif 0	K:\jschneid\Axon-Daten\Charge_C\Amplifikationsversuch_230702\Slide81_710-540_2002-09-13_C_532_nm_532.tif 0"
"NormalizationMethod=None"
"NormalizationFactors=1	1"
"JpegImage=K:\jschneid\Axon-Auswertung\Charge_C\Ampli_Vgl_100602\mit_Genpix4\Slide81_710-540_2002-09-13_C_532_nm_0635.jpg"
"RatioFormulations=W1/W2 (635/532)"
"Barcode="
"BackgroundSubtraction=LocalFeature"
"ImageOrigin=480, 4970"
"JpegOrigin=1410, 6050"
"Creator=GenePix Pro 4.0.0.54"
"Scanner=GenePix 4000B [84972]"
"FocusPosition=0"
"Temperature=30.17"
"LinesAveraged=1"
"Comment="
"PMTGain=710	540"
"ScanPower=100	100"
"LaserPower=3.57	3.37"
"LaserOnTime=7566	7553"
"ScanRegion=48,497,2088,4289"
"Supplier="
"Block"	"Column"	"Row"	"Name"	"ID"	"X"	"Y"	"Dia."	"F635 Median"	"F635 Mean"	"F635 SD"	"B635 Median"	"B635 Mean"	"B635 SD"	"% > B635+1SD"	"% > B635+2SD"	"F635 % Sat."	"F532 Median"	"F532 Mean"	"F532 SD"	"B532 Median"	"B532 Mean"	"B532 SD"	"% > B532+1SD"	"% > B532+2SD"	"F532 % Sat."	"F3 Median"	"F3 Mean"	"F3 SD"	"B3 Median"	"B3 Mean"	"B3 SD"	"% > B3+1SD"	"% > B3+2SD"	"F3 % Sat."	"F4 Median"	"F4 Mean"	"F4 SD"	"B4 Median"	"B4 Mean"	"B4 SD"	"% > B4+1SD"	"% > B4+2SD"	"F4 % Sat."	"Ratio of Medians (635/532)"	"Ratio of Means (635/532)"	"Median of Ratios (635/532)"	"Mean of Ratios (635/532)"	"Ratios SD (635/532)"	"Rgn Ratio (635/532)"	"Rgn R² (635/532)"	"Ratio of Medians (Ratio/2)"	"Ratio of Means (Ratio/2)"	"Median of Ratios (Ratio/2)"	"Mean of Ratios (Ratio/2)"	"Ratios SD (Ratio/2)"	"Rgn Ratio (Ratio/2)"	"Rgn R² (Ratio/2)"	"Ratio of Medians (Ratio/3)"	"Ratio of Means (Ratio/3)"	"Median of Ratios (Ratio/3)"	"Mean of Ratios (Ratio/3)"	"Ratios SD (Ratio/3)"	"Rgn Ratio (Ratio/3)"	"Rgn R² (Ratio/3)"	"F Pixels"	"B Pixels"	"Sum of Medians"	"Sum of Means"	"Log Ratio (635/532)"	"Log Ratio (Ratio/2)"	"Log Ratio (Ratio/3)"	"F635 Median - B635"	"F532 Median - B532"	"F3 Median - B3"	"F4 Median - B4"	"F635 Mean - B635"	"F532 Mean - B532"	"F3 Mean - B3"	"F4 Mean - B4"	"Flags"	"Normalize"
1	1	1	"IMAGp950B111"	"4"	1860	6410	150	95	100	48	94	101	45	15	5	0	180	183	48	163	170	54	18	2	0	0	0	0	0	0	0	0	0	0	0	0	0	0	0	0	0	0	0	0.059	0.300	1.222	1.101	3.964	7.783	0.000	0.000	0.000	0.000	0.000	0.000	0.000	0.000	0.000	0.000	0.000	0.000	0.000	0.000	0.000	156	1196	18	26	-4.087	Error	Error	1	17	0	0	6	20	0	0	0	0
1	2	1	"IMAGp950E031"	"8"	2130	6400	150	95	103	45	96	100	45	21	3	0	161	163	27	163	168	44	5	0	0	0	0	0	0	0	0	0	0	0	0	0	0	0	0	0	0	0	0	0.500	100000.000	1.897	1.472	4.719	0.216	0.002	0.000	0.000	0.000	0.000	0.000	0.000	0.000	0.000	0.000	0.000	0.000	0.000	0.000	0.000	156	1170	-3	7	-1.000	Error	Error	-1	-2	0	0	7	0	0	0	0	0
1	3	1	"IMAGp950H241"	"12"	2400	6400	150	91	97	45	96	103	48	16	3	0	159	168	46	162	166	41	12	2	0	0	0	0	0	0	0	0	0	0	0	0	0	0	0	0	0	0	0	1.667	0.167	1.632	1.702	5.165	9.441	0.004	0.000	0.000	0.000	0.000	0.000	0.000	0.000	0.000	0.000	0.000	0.000	0.000	0.000	0.000	156	1182	-8	7	0.737	Error	Error	-5	-3	0	0	1	6	0	0	0	0
1	4	1	"IMAGp950J091"	"16"	2680	6400	150	102	104	46	95	100	47	16	5	0	163	168	36	165	172	47	5	1	0	0	0	0	0	0	0	0	0	0	0	0	0	0	0	0	0	0	0	-3.500	3.000	1.490	1.399	3.777	6.997	0.004	0.000	0.000	0.000	0.000	0.000	0.000	0.000	0.000	0.000	0.000	0.000	0.000	0.000	0.000	156	1182	5	12	Error	Error	Error	7	-2	0	0	9	3	0	0	0	0
1	5	1	"IMAGp950K211"	"20"	2950	6400	150	104	105	49	97	104	53	17	3	0	159	164	27	168	180	67	2	0	0	0	0	0	0	0	0	0	0	0	0	0	0	0	0	0	0	0	0	-0.778	-2.000	1.578	1.634	3.475	14.891	0.005	0.000	0.000	0.000	0.000	0.000	0.000	0.000	0.000	0.000	0.000	0.000	0.000	0.000	0.000	156	1182	-2	4	Error	Error	Error	7	-9	0	0	8	-4	0	0	0	0
1	6	1	"IMAGp950N161"	"24"	3230	6400	150	207	211	97	117	136	81	53	22	0	320	320	103	189	229	131	49	10	0	0	0	0	0	0	0	0	0	0	0	0	0	0	0	0	0	0	0	0.687	0.718	0.751	0.791	2.429	0.441	0.275	0.000	0.000	0.000	0.000	0.000	0.000	0.000	0.000	0.000	0.000	0.000	0.000	0.000	0.000	156	1170	221	225	-0.542	Error	Error	90	131	0	0	94	131	0	0	0	0
1	7	1	"IMAGp950L074"	"100"	3500	6400	150	98	107	49	107	116	62	12	1	0	176	180	44	168	192	91	3	0	0	0	0	0	0	0	0	0	0	0	0	0	0	0	0	0	0	0	0	-1.125	0.000	1.369	1.184	3.953	2.184	0.017	0.000	0.000	0.000	0.000	0.000	0.000	0.000	0.000	0.000	0.000	0.000	0.000	0.000	0.000	156	1170	-1	12	Error	Error	Error	-9	8	0	0	0	12	0	0	0	0
1	8	1	"IMAGp950M014"	"104"	3780	6400	150	128	131	67	128	153	94	5	1	0	183	197	74	191	228	106	5	1	0	0	0	0	0	0	0	0	0	0	0	0	0	0	0	0	0	0	0	0.000	0.500	1.515	1.363	3.811	1.108	0.393	0.000	0.000	0.000	0.000	0.000	0.000	0.000	0.000	0.000	0.000	0.000	0.000	0.000	0.000	156	1170	-8	9	Error	Error	Error	0	-8	0	0	3	6	0	0	0	0
1	9	1	"IMAGp950M144"	"108"	4050	6400	150	274	276	101	242	249	110	20	3	0	364	366	72	338	336	123	10	0	0	0	0	0	0	0	0	0	0	0	0	0	0	0	0	0	0	0	0	1.231	1.214	1.263	1.298	4.210	1.145	0.176	0.000	0.000	0.000	0.000	0.000	0.000	0.000	0.000	0.000	0.000	0.000	0.000	0.000	0.000	156	1170	58	62	0.300	Error	Error	32	26	0	0	34	28	0	0	0	0
1	10	1	"IMAGp950O014"	"112"	4330	6390	150	197	218	118	177	203	122	26	5	0	298	313	119	267	283	164	14	1	0	0	0	0	0	0	0	0	0	0	0	0	0	0	0	0	0	0	0	0.645	0.891	1.136	1.158	3.065	1.017	0.434	0.000	0.000	0.000	0.000	0.000	0.000	0.000	0.000	0.000	0.000	0.000	0.000	0.000	0.000	156	1182	51	87	-0.632	Error	Error	20	31	0	0	41	46	0	0	0	0
1	11	1	"IMAGp950B085"	"116"	4600	6390	150	172	803	1139	106	118	65	50	44	0	211	1421	1938	168	182	62	48	46	0	0	0	0	0	0	0	0	0	0	0	0	0	0	0	0	0	0	0	1.535	0.556	0.637	0.671	2.723	0.517	0.798	0.000	0.000	0.000	0.000	0.000	0.000	0.000	0.000	0.000	0.000	0.000	0.000	0.000	0.000	156	1182	109	1950	0.618	Error	Error	66	43	0	0	697	1253	0	0	0	0
1	12	1	"IMAGp950C245"	"120"	4880	6390	150	97	105	46	102	109	51	12	3	0	171	171	35	165	176	71	3	1	0	0	0	0	0	0	0	0	0	0	0	0	0	0	0	0	0	0	0	-0.833	0.500	1.769	1.485	3.580	10.693	0.004	0.000	0.000	0.000	0.000	0.000	0.000	0.000	0.000	0.000	0.000	0.000	0.000	0.000	0.000	156	1182	1	9	Error	Error	Error	-5	6	0	0	3	6	0	0	0	0
1	13	1	"IMAGp950C218"	"196"	5150	6390	150	132	141	68	102	107	49	35	16	0	282	338	228	164	174	53	68	53	0	0	0	0	0	0	0	0	0	0	0	0	0	0	0	0	0	0	0	0.254	0.224	0.336	0.393	4.043	0.175	0.152	0.000	0.000	0.000	0.000	0.000	0.000	0.000	0.000	0.000	0.000	0.000	0.000	0.000	0.000	156	1182	148	213	-1.976	Error	Error	30	118	0	0	39	174	0	0	0	0
1	14	1	"IMAGp950G088"	"200"	5430	6390	150	112	117	50	106	110	48	21	5	0	179	182	43	165	175	48	21	5	0	0	0	0	0	0	0	0	0	0	0	0	0	0	0	0	0	0	0	0.429	0.647	1.544	1.351	3.744	0.440	0.011	0.000	0.000	0.000	0.000	0.000	0.000	0.000	0.000	0.000	0.000	0.000	0.000	0.000	0.000	156	1182	20	28	-1.222	Error	Error	6	14	0	0	11	17	0	0	0	0
1	15	1	"IMAGp950K138"	"204"	5700	6390	150	106	109	45	102	106	46	17	3	0	170	174	40	159	164	42	19	5	0	0	0	0	0	0	0	0	0	0	0	0	0	0	0	0	0	0	0	0.364	0.467	1.211	1.197	4.037	2.129	0.023	0.000	0.000	0.000	0.000	0.000	0.000	0.000	0.000	0.000	0.000	0.000	0.000	0.000	0.000	156	1170	15	22	-1.459	Error	Error	4	11	0	0	7	15	0	0	0	0
1	16	1	"IMAGp950L148"	"208"	5980	6390	150	115	118	52	104	108	47	20	8	0	187	227	99	157	160	38	46	37	0	0	0	0	0	0	0	0	0	0	0	0	0	0	0	0	0	0	0	0.367	0.200	0.611	0.706	4.231	0.291	0.046	0.000	0.000	0.000	0.000	0.000	0.000	0.000	0.000	0.000	0.000	0.000	0.000	0.000	0.000	156	1208	41	84	-1.447	Error	Error	11	30	0	0	14	70	0	0	0	0
1	1	2	"IMAGp950M138"	"212"	1860	6680	150	100	104	45	97	102	47	16	4	0	184	201	67	163	169	56	30	17	0	0	0	0	0	0	0	0	0	0	0	0	0	0	0	0	0	0	0	0.143	0.184	0.578	0.698	3.774	0.263	0.006	0.000	0.000	0.000	0.000	0.000	0.000	0.000	0.000	0.000	0.000	0.000	0.000	0.000	0.000	156	1158	24	45	-2.807	Error	Error	3	21	0	0	7	38	0	0	0	0
1	2	2	"IMAGp950N178"	"216"	2130	6680	150	104	114	54	104	117	69	14	1	0	187	237	121	168	184	70	33	21	0	0	0	0	0	0	0	0	0	0	0	0	0	0	0	0	0	0	0	0.000	0.145	0.567	0.654	4.663	0.274	0.038	0.000	0.000	0.000	0.000	0.000	0.000	0.000	0.000	0.000	0.000	0.000	0.000	0.000	0.000	156	1144	19	79	Error	Error	Error	0	19	0	0	10	69	0	0	0	0
1	3	2	"IMAGp950J0111"	"292"	2410	6680	150	137	150	69	107	121	71	28	13	0	452	406	188	173	196	85	68	62	0	0	0	0	0	0	0	0	0	0	0	0	0	0	0	0	0	0	0	0.108	0.185	0.267	0.307	4.425	0.234	0.152	0.000	0.000	0.000	0.000	0.000	0.000	0.000	0.000	0.000	0.000	0.000	0.000	0.000	0.000	156	1144	309	276	-3.217	Error	Error	30	279	0	0	43	233	0	0	0	0
1	4	2	"IMAGp950K1511"	"296"	2680	6680	150	94	100	44	96	103	48	16	3	0	172	176	39	169	181	65	5	1	0	0	0	0	0	0	0	0	0	0	0	0	0	0	0	0	0	0	0	-0.667	0.571	1.696	1.729	3.764	0.069	0.011	0.000	0.000	0.000	0.000	0.000	0.000	0.000	0.000	0.000	0.000	0.000	0.000	0.000	0.000	156	1144	1	11	Error	Error	Error	-2	3	0	0	4	7	0	0	0	0
1	5	2	"IMAGp950M0411"	"300"	2960	6680	150	122	149	86	134	159	94	19	3	0	185	227	98	205	258	120	19	1	0	0	0	0	0	0	0	0	0	0	0	0	0	0	0	0	0	0	0	0.600	0.682	0.975	0.954	2.759	0.716	0.430	0.000	0.000	0.000	0.000	0.000	0.000	0.000	0.000	0.000	0.000	0.000	0.000	0.000	0.000	156	1144	-32	37	-0.737	Error	Error	-12	-20	0	0	15	22	0	0	0	0
1	6	2	"IMAGp950N1511"	"304"	3230	6670	150	115	133	81	132	152	90	14	2	0	211	250	119	199	247	112	23	5	0	0	0	0	0	0	0	0	0	0	0	0	0	0	0	0	0	0	0	-1.417	0.020	0.954	1.015	3.463	0.691	0.430	0.000	0.000	0.000	0.000	0.000	0.000	0.000	0.000	0.000	0.000	0.000	0.000	0.000	0.000	156	1144	-5	52	Error	Error	Error	-17	12	0	0	1	51	0	0	0	0
1	7	2	"IMAGp950P0511"	"308"	3510	6670	150	130	137	60	111	126	72	19	3	0	208	264	131	172	191	71	36	28	0	0	0	0	0	0	0	0	0	0	0	0	0	0	0	0	0	0	0	0.528	0.283	0.501	0.571	4.005	0.244	0.097	0.000	0.000	0.000	0.000	0.000	0.000	0.000	0.000	0.000	0.000	0.000	0.000	0.000	0.000	156	1144	55	118	-0.922	Error	Error	19	36	0	0	26	92	0	0	0	0
1	8	2	"IMAGp950A1012"	"312"	3780	6670	150	274	282	99	218	224	108	30	8	0	371	392	156	318	310	109	23	7	0	0	0	0	0	0	0	0	0	0	0	0	0	0	0	0	0	0	0	1.057	0.865	1.185	1.043	3.469	0.784	0.237	0.000	0.000	0.000	0.000	0.000	0.000	0.000	0.000	0.000	0.000	0.000	0.000	0.000	0.000	156	1144	109	138	0.079	Error	Error	56	53	0	0	64	74	0	0	0	0
1	9	2	"IMAGp950J0514"	"388"	4060	6670	150	197	223	111	217	227	124	13	4	0	295	300	95	322	315	175	3	0	0	0	0	0	0	0	0	0	0	0	0	0	0	0	0	0	0	0	0	0.741	-0.273	1.124	1.112	3.669	0.827	0.288	0.000	0.000	0.000	0.000	0.000	0.000	0.000	0.000	0.000	0.000	0.000	0.000	0.000	0.000	156	1144	-47	-16	-0.433	Error	Error	-20	-27	0	0	6	-22	0	0	0	0
1	10	2	"IMAGp950L1114"	"392"	4330	6670	150	97	103	47	114	135	94	0	0	0	165	167	44	171	198	143	0	0	0	0	0	0	0	0	0	0	0	0	0	0	0	0	0	0	0	0	0	2.833	2.750	1.250	1.633	3.480	0.817	0.140	0.000	0.000	0.000	0.000	0.000	0.000	0.000	0.000	0.000	0.000	0.000	0.000	0.000	0.000	156	1144	-23	-15	1.503	Error	Error	-17	-6	0	0	-11	-4	0	0	0	0
1	11	2	"IMAGp950M2214"	"396"	4610	6670	150	114	122	51	101	106	47	28	9	0	191	202	55	163	166	39	40	19	0	0	0	0	0	0	0	0	0	0	0	0	0	0	0	0	0	0	0	0.464	0.538	0.970	0.860	4.057	0.763	0.020	0.000	0.000	0.000	0.000	0.000	0.000	0.000	0.000	0.000	0.000	0.000	0.000	0.000	0.000	156	1144	41	60	-1.107	Error	Error	13	28	0	0	21	39	0	0	0	0
1	12	2	"IMAGp950O1414"	"400"	4880	6670	150	99	107	49	101	107	48	17	6	0	184	201	73	161	165	40	34	20	0	0	0	0	0	0	0	0	0	0	0	0	0	0	0	0	0	0	0	-0.087	0.150	0.943	0.857	5.210	0.848	0.006	0.000	0.000	0.000	0.000	0.000	0.000	0.000	0.000	0.000	0.000	0.000	0.000	0.000	0.000	156	1144	21	46	Error	Error	Error	-2	23	0	0	6	40	0	0	0	0
1	13	2	"IMAGp950A0815"	"404"	5160	6670	150	112	116	51	102	109	51	23	5	0	168	179	47	163	171	64	12	3	0	0	0	0	0	0	0	0	0	0	0	0	0	0	0	0	0	0	0	2.000	0.875	1.650	1.671	3.408	0.879	0.122	0.000	0.000	0.000	0.000	0.000	0.000	0.000	0.000	0.000	0.000	0.000	0.000	0.000	0.000	156	1144	15	30	1.000	Error	Error	10	5	0	0	14	16	0	0	0	0
1	14	2	"IMAGp950C0915"	"408"	5430	6670	150	119	128	62	110	116	52	25	10	0	198	254	132	176	218	126	32	10	0	0	0	0	0	0	0	0	0	0	0	0	0	0	0	0	0	0	0	0.409	0.231	0.633	0.618	4.201	0.102	0.074	0.000	0.000	0.000	0.000	0.000	0.000	0.000	0.000	0.000	0.000	0.000	0.000	0.000	0.000	156	1144	31	96	-1.290	Error	Error	9	22	0	0	18	78	0	0	0	0
1	15	2	"IMAGp950K1817"	"484"	5710	6660	150	108	121	59	106	112	50	25	6	0	186	217	95	165	185	84	26	8	0	0	0	0	0	0	0	0	0	0	0	0	0	0	0	0	0	0	0	0.095	0.288	0.899	0.883	4.735	0.135	0.037	0.000	0.000	0.000	0.000	0.000	0.000	0.000	0.000	0.000	0.000	0.000	0.000	0.000	0.000	156	1144	23	67	-3.392	Error	Error	2	21	0	0	15	52	0	0	0	0
1	16	2	"IMAGp950N0117"	"488"	5980	6660	150	108	116	53	100	107	46	23	7	0	205	688	710	155	158	39	53	45	0	0	0	0	0	0	0	0	0	0	0	0	0	0	0	0	0	0	0	0.160	0.030	0.300	0.344	7.914	0.018	0.023	0.000	0.000	0.000	0.000	0.000	0.000	0.000	0.000	0.000	0.000	0.000	0.000	0.000	0.000	156	1170	58	549	-2.644	Error	Error	8	50	0	0	16	533	0	0	0	0
1	1	3	"IMAGp950B0118"	"492"	1860	6950	150	105	123	93	98	102	44	25	11	0	185	242	263	163	170	45	37	28	0	0	0	0	0	0	0	0	0	0	0	0	0	0	0	0	0	0	0	0.318	0.316	0.717	0.829	4.524	0.271	0.261	0.000	0.000	0.000	0.000	0.000	0.000	0.000	0.000	0.000	0.000	0.000	0.000	0.000	0.000	156	1170	29	104	-1.652	Error	Error	7	22	0	0	25	79	0	0	0	0
1	2	3	"IMAGp950E0518"	"496"	2130	6950	150	186	1035	1340	114	145	110	44	41	0	390	1839	2271	175	223	122	52	48	0	0	0	0	0	0	0	0	0	0	0	0	0	0	0	0	0	0	0	0.335	0.553	0.607	0.682	3.033	0.564	0.886	0.000	0.000	0.000	0.000	0.000	0.000	0.000	0.000	0.000	0.000	0.000	0.000	0.000	0.000	156	1144	287	2585	-1.578	Error	Error	72	215	0	0	921	1664	0	0	0	0
1	3	3	"IMAGp950G1218"	"500"	2410	6950	150	117	127	65	115	153	118	7	0	0	208	256	124	185	236	127	28	10	0	0	0	0	0	0	0	0	0	0	0	0	0	0	0	0	0	0	0	0.087	0.169	0.917	0.750	4.049	0.607	0.283	0.000	0.000	0.000	0.000	0.000	0.000	0.000	0.000	0.000	0.000	0.000	0.000	0.000	0.000	156	1144	25	83	-3.524	Error	Error	2	23	0	0	12	71	0	0	0	0
1	4	3	"IMAGp950I0318"	"504"	2680	6950	150	100	109	81	103	114	62	10	2	0	164	172	70	171	188	85	1	0	0	0	0	0	0	0	0	0	0	0	0	0	0	0	0	0	0	0	0	0.429	6.000	1.424	1.411	4.156	1.602	0.129	0.000	0.000	0.000	0.000	0.000	0.000	0.000	0.000	0.000	0.000	0.000	0.000	0.000	0.000	156	1144	-10	7	-1.222	Error	Error	-3	-7	0	0	6	1	0	0	0	0
1	5	3	"IMAGp950B0121"	"580"	2960	6950	150	261	271	93	148	166	96	56	19	0	399	426	133	227	274	131	67	18	0	0	0	0	0	0	0	0	0	0	0	0	0	0	0	0	0	0	0	0.657	0.618	0.615	0.627	2.072	0.545	0.301	0.000	0.000	0.000	0.000	0.000	0.000	0.000	0.000	0.000	0.000	0.000	0.000	0.000	0.000	156	1144	285	322	-0.606	Error	Error	113	172	0	0	123	199	0	0	0	0
1	6	3	"IMAGp950B0521"	"584"	3230	6950	150	102	107	52	112	125	75	7	0	0	161	162	29	173	206	100	0	0	0	0	0	0	0	0	0	0	0	0	0	0	0	0	0	0	0	0	0	0.833	0.455	1.699	1.632	3.926	1.319	0.094	0.000	0.000	0.000	0.000	0.000	0.000	0.000	0.000	0.000	0.000	0.000	0.000	0.000	0.000	156	1144	-22	-16	-0.263	Error	Error	-10	-12	0	0	-5	-11	0	0	0	0
1	7	3	"IMAGp950B0921"	"588"	3510	6950	150	234	241	127	146	173	104	42	20	0	295	315	139	214	255	120	39	15	0	0	0	0	0	0	0	0	0	0	0	0	0	0	0	0	0	0	0	1.086	0.941	0.950	0.964	2.715	0.997	0.510	0.000	0.000	0.000	0.000	0.000	0.000	0.000	0.000	0.000	0.000	0.000	0.000	0.000	0.000	156	1144	169	196	0.120	Error	Error	88	81	0	0	95	101	0	0	0	0
1	8	3	"IMAGp950B1321"	"592"	3780	6950	150	230	235	108	227	239	117	14	3	0	336	333	104	322	326	118	16	1	0	0	0	0	0	0	0	0	0	0	0	0	0	0	0	0	0	0	0	0.214	0.727	0.987	0.979	2.929	0.927	0.233	0.000	0.000	0.000	0.000	0.000	0.000	0.000	0.000	0.000	0.000	0.000	0.000	0.000	0.000	156	1144	17	19	-2.222	Error	Error	3	14	0	0	8	11	0	0	0	0
1	9	3	"IMAGp950B1721"	"596"	4060	6950	150	135	155	87	128	161	111	16	3	0	194	279	179	187	228	107	30	21	0	0	0	0	0	0	0	0	0	0	0	0	0	0	0	0	0	0	0	1.000	0.293	0.671	0.732	3.635	0.628	0.444	0.000	0.000	0.000	0.000	0.000	0.000	0.000	0.000	0.000	0.000	0.000	0.000	0.000	0.000	156	1144	14	119	0.000	Error	Error	7	7	0	0	27	92	0	0	0	0
1	10	3	"IMAGp950B2121"	"600"	4330	6940	150	109	115	52	106	109	46	25	7	0	195	204	56	161	164	30	52	30	0	0	0	0	0	0	0	0	0	0	0	0	0	0	0	0	0	0	0	0.088	0.209	0.937	0.936	3.414	3.972	0.007	0.000	0.000	0.000	0.000	0.000	0.000	0.000	0.000	0.000	0.000	0.000	0.000	0.000	0.000	156	1144	37	52	-3.503	Error	Error	3	34	0	0	9	43	0	0	0	0
1	11	3	"IMAGp950H2021"	"676"	4610	6940	150	116	123	59	104	108	47	28	8	0	200	263	162	161	164	37	50	33	0	0	0	0	0	0	0	0	0	0	0	0	0	0	0	0	0	0	0	0.308	0.186	0.772	0.821	5.076	0.159	0.063	0.000	0.000	0.000	0.000	0.000	0.000	0.000	0.000	0.000	0.000	0.000	0.000	0.000	0.000	156	1144	51	121	-1.700	Error	Error	12	39	0	0	19	102	0	0	0	0
1	12	3	"IMAGp950H2421"	"680"	4880	6940	150	122	129	60	102	106	47	28	12	0	184	216	79	161	164	35	45	33	0	0	0	0	0	0	0	0	0	0	0	0	0	0	0	0	0	0	0	0.870	0.491	0.770	0.834	4.343	0.835	0.049	0.000	0.000	0.000	0.000	0.000	0.000	0.000	0.000	0.000	0.000	0.000	0.000	0.000	0.000	156	1144	43	82	-0.202	Error	Error	20	23	0	0	27	55	0	0	0	0
1	13	3	"IMAGp950J0221"	"684"	5160	6940	150	98	105	44	109	558	4747	0	0	0	166	169	31	165	643	4912	0	0	0	0	0	0	0	0	0	0	0	0	0	0	0	0	0	0	0	0	0	-11.000	-1.000	1.330	1.364	3.327	0.973	0.773	0.000	0.000	0.000	0.000	0.000	0.000	0.000	0.000	0.000	0.000	0.000	0.000	0.000	0.000	156	1144	-10	0	Error	Error	Error	-11	1	0	0	-4	4	0	0	0	0
1	14	3	"IMAGp950J0621"	"688"	5430	6940	150	113	121	52	113	117	48	18	5	0	263	279	95	181	214	116	35	8	0	0	0	0	0	0	0	0	0	0	0	0	0	0	0	0	0	0	0	0.000	0.082	0.502	0.528	3.975	0.156	0.038	0.000	0.000	0.000	0.000	0.000	0.000	0.000	0.000	0.000	0.000	0.000	0.000	0.000	0.000	156	1144	82	106	Error	Error	Error	0	82	0	0	8	98	0	0	0	0
1	15	3	"IMAGp950J1021"	"692"	5710	6940	150	100	108	46	108	113	48	15	3	0	155	156	36	168	183	74	0	0	0	0	0	0	0	0	0	0	0	0	0	0	0	0	0	0	0	0	0	0.615	0.000	1.088	1.213	3.817	0.318	0.002	0.000	0.000	0.000	0.000	0.000	0.000	0.000	0.000	0.000	0.000	0.000	0.000	0.000	0.000	156	1144	-21	-12	-0.700	Error	Error	-8	-13	0	0	0	-12	0	0	0	0
1	16	3	"IMAGp950J1421"	"696"	5980	6940	150	112	116	49	99	106	48	25	7	0	181	188	52	154	157	34	46	22	0	0	0	0	0	0	0	0	0	0	0	0	0	0	0	0	0	0	0	0.481	0.500	0.732	0.783	4.301	4.415	0.012	0.000	0.000	0.000	0.000	0.000	0.000	0.000	0.000	0.000	0.000	0.000	0.000	0.000	0.000	156	1170	40	51	-1.054	Error	Error	13	27	0	0	17	34	0	0	0	0
1	1	4	"IMAGp950A0422"	"772"	1860	7230	150	147	155	75	99	102	44	54	32	0	361	349	161	165	171	45	74	69	0	0	0	0	0	0	0	0	0	0	0	0	0	0	0	0	0	0	0	0.245	0.304	0.396	0.430	3.510	0.314	0.238	0.000	0.000	0.000	0.000	0.000	0.000	0.000	0.000	0.000	0.000	0.000	0.000	0.000	0.000	156	1170	244	240	-2.030	Error	Error	48	196	0	0	56	184	0	0	0	0
1	2	4	"IMAGp950A0822"	"776"	2130	7230	150	110	113	53	123	164	123	0	0	0	193	217	79	183	244	134	13	0	0	0	0	0	0	0	0	0	0	0	0	0	0	0	0	0	0	0	0	-1.300	-0.294	1.027	0.826	3.954	1.000	0.319	0.000	0.000	0.000	0.000	0.000	0.000	0.000	0.000	0.000	0.000	0.000	0.000	0.000	0.000	156	1144	-3	24	Error	Error	Error	-13	10	0	0	-10	34	0	0	0	0
1	3	4	"IMAGp950A1222"	"780"	2410	7230	150	229	240	111	204	231	144	18	2	0	344	354	111	322	332	163	14	0	0	0	0	0	0	0	0	0	0	0	0	0	0	0	0	0	0	0	0	1.136	1.125	0.961	1.022	3.094	0.779	0.490	0.000	0.000	0.000	0.000	0.000	0.000	0.000	0.000	0.000	0.000	0.000	0.000	0.000	0.000	156	1144	47	68	0.184	Error	Error	25	22	0	0	36	32	0	0	0	0
1	4	4	"IMAGp950A1622"	"784"	2680	7230	150	106	108	47	158	176	98	1	0	0	172	184	56	258	280	137	1	0	0	0	0	0	0	0	0	0	0	0	0	0	0	0	0	0	0	0	0	0.605	0.676	0.725	0.600	2.487	0.766	0.376	0.000	0.000	0.000	0.000	0.000	0.000	0.000	0.000	0.000	0.000	0.000	0.000	0.000	0.000	156	1144	-138	-124	-0.726	Error	Error	-52	-86	0	0	-50	-74	0	0	0	0
1	5	4	"IMAGp950A2022"	"788"	2960	7230	150	165	189	128	147	164	94	25	7	0	280	335	331	213	264	138	33	9	0	0	0	0	0	0	0	0	0	0	0	0	0	0	0	0	0	0	0	0.269	0.344	0.781	0.800	4.038	0.395	0.326	0.000	0.000	0.000	0.000	0.000	0.000	0.000	0.000	0.000	0.000	0.000	0.000	0.000	0.000	156	1144	85	164	-1.896	Error	Error	18	67	0	0	42	122	0	0	0	0
1	6	4	"IMAGp950A2422"	"792"	3230	7220	150	103	110	52	117	135	86	5	0	0	206	207	50	175	200	87	13	0	0	0	0	0	0	0	0	0	0	0	0	0	0	0	0	0	0	0	0	-0.452	-0.219	0.956	1.125	5.125	0.978	0.107	0.000	0.000	0.000	0.000	0.000	0.000	0.000	0.000	0.000	0.000	0.000	0.000	0.000	0.000	156	1144	17	25	Error	Error	Error	-14	31	0	0	-7	32	0	0	0	0
1	7	4	"IMAGp950E0422"	"868"	3510	7220	150	256	265	111	193	222	131	29	4	0	343	351	117	276	293	119	30	7	0	0	0	0	0	0	0	0	0	0	0	0	0	0	0	0	0	0	0	0.940	0.960	1.071	0.942	3.532	1.131	0.295	0.000	0.000	0.000	0.000	0.000	0.000	0.000	0.000	0.000	0.000	0.000	0.000	0.000	0.000	156	1144	130	147	-0.089	Error	Error	63	67	0	0	72	75	0	0	0	0
1	8	4	"IMAGp950E0822"	"872"	3780	7220	150	183	259	215	149	189	129	32	20	0	326	357	257	232	276	126	41	15	0	0	0	0	0	0	0	0	0	0	0	0	0	0	0	0	0	0	0	0.362	0.880	0.988	0.932	3.116	0.947	0.483	0.000	0.000	0.000	0.000	0.000	0.000	0.000	0.000	0.000	0.000	0.000	0.000	0.000	0.000	156	1144	128	235	-1.467	Error	Error	34	94	0	0	110	125	0	0	0	0
1	9	4	"IMAGp950E1222"	"876"	4060	7220	150	202	543	562	105	109	48	56	50	0	242	582	518	170	186	81	46	44	0	0	0	0	0	0	0	0	0	0	0	0	0	0	0	0	0	0	0	1.347	1.063	1.105	1.134	2.615	1.066	0.751	0.000	0.000	0.000	0.000	0.000	0.000	0.000	0.000	0.000	0.000	0.000	0.000	0.000	0.000	156	1144	169	850	0.430	Error	Error	97	72	0	0	438	412	0	0	0	0
1	10	4	"IMAGp950E1622"	"880"	4330	7220	150	108	115	49	102	108	47	24	7	0	181	188	66	168	171	34	28	9	0	0	0	0	0	0	0	0	0	0	0	0	0	0	0	0	0	0	0	0.462	0.650	1.111	1.182	4.420	2.500	0.012	0.000	0.000	0.000	0.000	0.000	0.000	0.000	0.000	0.000	0.000	0.000	0.000	0.000	0.000	156	1144	19	33	-1.115	Error	Error	6	13	0	0	13	20	0	0	0	0
1	11	4	"IMAGp950E2022"	"884"	4610	7220	150	118	128	68	105	111	48	32	10	0	190	227	112	166	172	44	40	27	0	0	0	0	0	0	0	0	0	0	0	0	0	0	0	0	0	0	0	0.542	0.377	0.765	0.825	4.630	0.472	0.073	0.000	0.000	0.000	0.000	0.000	0.000	0.000	0.000	0.000	0.000	0.000	0.000	0.000	0.000	156	1144	37	84	-0.885	Error	Error	13	24	0	0	23	61	0	0	0	0
1	12	4	"IMAGp950E2422"	"888"	4880	7220	150	103	117	62	103	109	48	20	9	0	170	193	79	163	171	47	24	14	0	0	0	0	0	0	0	0	0	0	0	0	0	0	0	0	0	0	0	0.000	0.467	1.000	0.927	3.654	1.137	0.092	0.000	0.000	0.000	0.000	0.000	0.000	0.000	0.000	0.000	0.000	0.000	0.000	0.000	0.000	156	1144	7	44	Error	Error	Error	0	7	0	0	14	30	0	0	0	0
1	13	4	"IMAGp950I0422"	"964"	5160	7220	150	480	522	333	110	558	4747	0	0	0	596	565	305	176	653	4911	0	0	0	0	0	0	0	0	0	0	0	0	0	0	0	0	0	0	0	0	0	0.881	1.059	1.058	1.167	2.639	0.964	0.860	0.000	0.000	0.000	0.000	0.000	0.000	0.000	0.000	0.000	0.000	0.000	0.000	0.000	0.000	156	1144	790	801	-0.183	Error	Error	370	420	0	0	412	389	0	0	0	0
1	14	4	"IMAGp950I0822"	"968"	5430	7220	150	108	113	50	106	111	47	19	5	0	170	174	36	166	173	45	13	1	0	0	0	0	0	0	0	0	0	0	0	0	0	0	0	0	0	0	0	0.500	0.875	1.444	1.480	3.078	0.413	0.010	0.000	0.000	0.000	0.000	0.000	0.000	0.000	0.000	0.000	0.000	0.000	0.000	0.000	0.000	156	1144	6	15	-1.000	Error	Error	2	4	0	0	7	8	0	0	0	0
1	15	4	"IMAGp950I1222"	"972"	5710	7210	150	112	119	58	102	108	47	21	9	0	186	215	86	163	169	48	40	21	0	0	0	0	0	0	0	0	0	0	0	0	0	0	0	0	0	0	0	0.435	0.327	0.916	0.902	4.438	0.357	0.031	0.000	0.000	0.000	0.000	0.000	0.000	0.000	0.000	0.000	0.000	0.000	0.000	0.000	0.000	156	1144	33	69	-1.202	Error	Error	10	23	0	0	17	52	0	0	0	0
1	16	4	"IMAGp950I1622"	"976"	5980	7210	150	100	106	49	104	111	98	3	0	0	165	169	35	158	164	77	3	0	0	0	0	0	0	0	0	0	0	0	0	0	0	0	0	0	0	0	0	-0.571	0.182	1.679	1.862	3.319	12.506	0.005	0.000	0.000	0.000	0.000	0.000	0.000	0.000	0.000	0.000	0.000	0.000	0.000	0.000	0.000	156	1170	3	13	Error	Error	Error	-4	7	0	0	2	11	0	0	0	0
1	1	5	"IMAGp950I2022"	"980"	1860	7500	150	97	107	66	97	102	46	20	4	0	174	211	181	162	167	40	27	12	0	0	0	0	0	0	0	0	0	0	0	0	0	0	0	0	0	0	0	0.000	0.204	1.318	1.515	4.670	0.228	0.086	0.000	0.000	0.000	0.000	0.000	0.000	0.000	0.000	0.000	0.000	0.000	0.000	0.000	0.000	156	1170	12	59	Error	Error	Error	0	12	0	0	10	49	0	0	0	0
1	2	5	"IMAGp950I2422"	"984"	2130	7500	150	120	140	70	98	115	81	25	5	0	202	276	140	165	185	81	42	37	0	0	0	0	0	0	0	0	0	0	0	0	0	0	0	0	0	0	0	0.595	0.378	0.479	0.595	3.888	0.352	0.201	0.000	0.000	0.000	0.000	0.000	0.000	0.000	0.000	0.000	0.000	0.000	0.000	0.000	0.000	156	1144	59	153	-0.750	Error	Error	22	37	0	0	42	111	0	0	0	0
1	3	5	"IMAGp950M0422"	"1060"	2410	7500	150	168	212	139	194	228	147	17	4	0	292	318	124	291	325	169	13	1	0	0	0	0	0	0	0	0	0	0	0	0	0	0	0	0	0	0	0	-26.000	0.667	1.086	1.045	3.350	0.801	0.559	0.000	0.000	0.000	0.000	0.000	0.000	0.000	0.000	0.000	0.000	0.000	0.000	0.000	0.000	156	1144	-25	45	Error	Error	Error	-26	1	0	0	18	27	0	0	0	0
1	4	5	"IMAGp950M0822"	"1064"	2680	7500	150	255	252	98	246	257	114	11	3	0	455	488	156	418	441	193	11	4	0	0	0	0	0	0	0	0	0	0	0	0	0	0	0	0	0	0	0	0.243	0.086	1.345	1.251	5.144	0.164	0.035	0.000	0.000	0.000	0.000	0.000	0.000	0.000	0.000	0.000	0.000	0.000	0.000	0.000	0.000	156	1144	46	76	-2.040	Error	Error	9	37	0	0	6	70	0	0	0	0
1	5	5	"IMAGp950M1222"	"1068"	2960	7500	150	107	114	50	171	188	106	0	0	0	175	183	47	293	318	179	0	0	0	0	0	0	0	0	0	0	0	0	0	0	0	0	0	0	0	0	0	0.542	0.518	0.605	0.534	2.258	0.676	0.411	0.000	0.000	0.000	0.000	0.000	0.000	0.000	0.000	0.000	0.000	0.000	0.000	0.000	0.000	156	1144	-182	-167	-0.883	Error	Error	-64	-118	0	0	-57	-110	0	0	0	0
1	2	4	"IMAGp950A0822"	"776"	2130	7230	150	110	113	53	123	164	123	0	0	0	193	217	79	183	244	134	13	0	0	0	0	0	0	0	0	0	0	0	0	0	0	0	0	0	0	0	0	-1.300	-0.294	1.027	0.826	3.954	1.000	0.319	0.000	0.000	0.000	0.000	0.000	0.000	0.000	0.000	0.000	0.000	0.000	0.000	0.000	0.000	156	1144	-3	24	Error	Error	Error	-13	10	0	0	-10	34	0	0	0	0
1	3	4	"IMAGp950A1222"	"780"	2410	7230	150	229	240	111	204	231	144	18	2	0	344	354	111	322	332	163	14	0	0	0	0	0	0	0	0	0	0	0	0	0	0	0	0	0	0	0	0	1.136	1.125	0.961	1.022	3.094	0.779	0.490	0.000	0.000	0.000	0.000	0.000	0.000	0.000	0.000	0.000	0.000	0.000	0.000	0.000	0.000	156	1144	47	68	0.184	Error	Error	25	22	0	0	36	32	0	0	0	0
1	4	4	"IMAGp950A1622"	"784"	2680	7230	150	106	108	47	158	176	98	1	0	0	172	184	56	258	280	137	1	0	0	0	0	0	0	0	0	0	0	0	0	0	0	0	0	0	0	0	0	0.605	0.676	0.725	0.600	2.487	0.766	0.376	0.000	0.000	0.000	0.000	0.000	0.000	0.000	0.000	0.000	0.000	0.000	0.000	0.000	0.000	156	1144	-138	-124	-0.726	Error	Error	-52	-86	0	0	-50	-74	0	0	0	0
1	5	4	"IMAGp950A2022"	"788"	2960	7230	150	165	189	128	147	164	94	25	7	0	280	335	331	213	264	138	33	9	0	0	0	0	0	0	0	0	0	0	0	0	0	0	0	0	0	0	0	0.269	0.344	0.781	0.800	4.038	0.395	0.326	0.000	0.000	0.000	0.000	0.000	0.000	0.000	0.000	0.000	0.000	0.000	0.000	0.000	0.000	156	1144	85	164	-1.896	Error	Error	18	67	0	0	42	122	0	0	0	0
1	6	4	"IMAGp950A2422"	"792"	3230	7220	150	103	110	52	117	135	86	5	0	0	206	207	50	175	200	87	13	0	0	0	0	0	0	0	0	0	0	0	0	0	0	0	0	0	0	0	0	-0.452	-0.219	0.956	1.125	5.125	0.978	0.107	0.000	0.000	0.000	0.000	0.000	0.000	0.000	0.000	0.000	0.000	0.000	0.000	0.000	0.000	156	1144	17	25	Error	Error	Error	-14	31	0	0	-7	32	0	0	0	0
1	7	4	"IMAGp950E0422"	"868"	3510	7220	150	256	265	111	193	222	131	29	4	0	343	351	117	276	293	119	30	7	0	0	0	0	0	0	0	0	0	0	0	0	0	0	0	0	0	0	0	0.940	0.960	1.071	0.942	3.532	1.131	0.295	0.000	0.000	0.000	0.000	0.000	0.000	0.000	0.000	0.000	0.000	0.000	0.000	0.000	0.000	156	1144	130	147	-0.089	Error	Error	63	67	0	0	72	75	0	0	0	0
1	8	4	"IMAGp950E0822"	"872"	3780	7220	150	183	259	215	149	189	129	32	20	0	326	357	257	232	276	126	41	15	0	0	0	0	0	0	0	0	0	0	0	0	0	0	0	0	0	0	0	0.362	0.880	0.988	0.932	3.116	0.947	0.483	0.000	0.000	0.000	0.000	0.000	0.000	0.000	0.000	0.000	0.000	0.000	0.000	0.000	0.000	156	1144	128	235	-1.467	Error	Error	34	94	0	0	110	125	0	0	0	0
1	9	4	"IMAGp950E1222"	"876"	4060	7220	150	202	543	562	105	109	48	56	50	0	242	582	518	170	186	81	46	44	0	0	0	0	0	0	0	0	0	0	0	0	0	0	0	0	0	0	0	1.347	1.063	1.105	1.134	2.615	1.066	0.751	0.000	0.000	0.000	0.000	0.000	0.000	0.000	0.000	0.000	0.000	0.000	0.000	0.000	0.000	156	1144	169	850	0.430	Error	Error	97	72	0	0	438	412	0	0	0	0
1	10	4	"IMAGp950E1622"	"880"	4330	7220	150	108	115	49	102	108	47	24	7	0	181	188	66	168	171	34	28	9	0	0	0	0	0	0	0	0	0	0	0	0	0	0	0	0	0	0	0	0.462	0.650	1.111	1.182	4.420	2.500	0.012	0.000	0.000	0.000	0.000	0.000	0.000	0.000	0.000	0.000	0.000	0.000	0.000	0.000	0.000	156	1144	19	33	-1.115	Error	Error	6	13	0	0	13	20	0	0	0	0
1	11	4	"IMAGp950E2022"	"884"	4610	7220	150	118	128	68	105	111	48	32	10	0	190	227	112	166	172	44	40	27	0	0	0	0	0	0	0	0	0	0	0	0	0	0	0	0	0	0	0	0.542	0.377	0.765	0.825	4.630	0.472	0.073	0.000	0.000	0.000	0.000	0.000	0.000	0.000	0.000	0.000	0.000	0.000	0.000	0.000	0.000	156	1144	37	84	-0.885	Error	Error	13	24	0	0	23	61	0	0	0	0
1	12	4	"IMAGp950E2422"	"888"	4880	7220	150	103	117	62	103	109	48	20	9	0	170	193	79	163	171	47	24	14	0	0	0	0	0	0	0	0	0	0	0	0	0	0	0	0	0	0	0	0.000	0.467	1.000	0.927	3.654	1.137	0.092	0.000	0.000	0.000	0.000	0.000	0.000	0.000	0.000	0.000	0.000	0.000	0.000	0.000	0.000	156	1144	7	44	Error	Error	Error	0	7	0	0	14	30	0	0	0	0
1	13	4	"IMAGp950I0422"	"964"	5160	7220	150	480	522	333	110	558	4747	0	0	0	596	565	305	176	653	4911	0	0	0	0	0	0	0	0	0	0	0	0	0	0	0	0	0	0	0	0	0	0.881	1.059	1.058	1.167	2.639	0.964	0.860	0.000	0.000	0.000	0.000	0.000	0.000	0.000	0.000	0.000	0.000	0.000	0.000	0.000	0.000	156	1144	790	801	-0.183	Error	Error	370	420	0	0	412	389	0	0	0	0
1	14	4	"IMAGp950I0822"	"968"	5430	7220	150	108	113	50	106	111	47	19	5	0	170	174	36	166	173	45	13	1	0	0	0	0	0	0	0	0	0	0	0	0	0	0	0	0	0	0	0	0.500	0.875	1.444	1.480	3.078	0.413	0.010	0.000	0.000	0.000	0.000	0.000	0.000	0.000	0.000	0.000	0.000	0.000	0.000	0.000	0.000	156	1144	6	15	-1.000	Error	Error	2	4	0	0	7	8	0	0	0	0
1	15	4	"IMAGp950I1222"	"972"	5710	7210	150	112	119	58	102	108	47	21	9	0	186	215	86	163	169	48	40	21	0	0	0	0	0	0	0	0	0	0	0	0	0	0	0	0	0	0	0	0.435	0.327	0.916	0.902	4.438	0.357	0.031	0.000	0.000	0.000	0.000	0.000	0.000	0.000	0.000	0.000	0.000	0.000	0.000	0.000	0.000	156	1144	33	69	-1.202	Error	Error	10	23	0	0	17	52	0	0	0	0
1	16	4	"IMAGp950I1622"	"976"	5980	7210	150	100	106	49	104	111	98	3	0	0	165	169	35	158	164	77	3	0	0	0	0	0	0	0	0	0	0	0	0	0	0	0	0	0	0	0	0	-0.571	0.182	1.679	1.862	3.319	12.506	0.005	0.000	0.000	0.000	0.000	0.000	0.000	0.000	0.000	0.000	0.000	0.000	0.000	0.000	0.000	156	1170	3	13	Error	Error	Error	-4	7	0	0	2	11	0	0	0	0
1	1	5	"IMAGp950I2022"	"980"	1860	7500	150	97	107	66	97	102	46	20	4	0	174	211	181	162	167	40	27	12	0	0	0	0	0	0	0	0	0	0	0	0	0	0	0	0	0	0	0	0.000	0.204	1.318	1.515	4.670	0.228	0.086	0.000	0.000	0.000	0.000	0.000	0.000	0.000	0.000	0.000	0.000	0.000	0.000	0.000	0.000	156	1170	12	59	Error	Error	Error	0	12	0	0	10	49	0	0	0	0
1	2	5	"IMAGp950I2422"	"984"	2130	7500	150	120	140	70	98	115	81	25	5	0	202	276	140	165	185	81	42	37	0	0	0	0	0	0	0	0	0	0	0	0	0	0	0	0	0	0	0	0.595	0.378	0.479	0.595	3.888	0.352	0.201	0.000	0.000	0.000	0.000	0.000	0.000	0.000	0.000	0.000	0.000	0.000	0.000	0.000	0.000	156	1144	59	153	-0.750	Error	Error	22	37	0	0	42	111	0	0	0	0
1	3	5	"IMAGp950M0422"	"1060"	2410	7500	150	168	212	139	194	228	147	17	4	0	292	318	124	291	325	169	13	1	0	0	0	0	0	0	0	0	0	0	0	0	0	0	0	0	0	0	0	-26.000	0.667	1.086	1.045	3.350	0.801	0.559	0.000	0.000	0.000	0.000	0.000	0.000	0.000	0.000	0.000	0.000	0.000	0.000	0.000	0.000	156	1144	-25	45	Error	Error	Error	-26	1	0	0	18	27	0	0	0	0
1	4	5	"IMAGp950M0822"	"1064"	2680	7500	150	255	252	98	246	257	114	11	3	0	455	488	156	418	441	193	11	4	0	0	0	0	0	0	0	0	0	0	0	0	0	0	0	0	0	0	0	0.243	0.086	1.345	1.251	5.144	0.164	0.035	0.000	0.000	0.000	0.000	0.000	0.000	0.000	0.000	0.000	0.000	0.000	0.000	0.000	0.000	156	1144	46	76	-2.040	Error	Error	9	37	0	0	6	70	0	0	0	0
1	5	5	"IMAGp950M1222"	"1068"	2960	7500	150	107	114	50	171	188	106	0	0	0	175	183	47	293	318	179	0	0	0	0	0	0	0	0	0	0	0	0	0	0	0	0	0	0	0	0	0	0.542	0.518	0.605	0.534	2.258	0.676	0.411	0.000	0.000	0.000	0.000	0.000	0.000	0.000	0.000	0.000	0.000	0.000	0.000	0.000	0.000	156	1144	-182	-167	-0.883	Error	Error	-64	-118	0	0	-57	-110	0	0	0	0
1	2	4	"IMAGp950A0822"	"776"	2130	7230	150	110	113	53	123	164	123	0	0	0	193	217	79	183	244	134	13	0	0	0	0	0	0	0	0	0	0	0	0	0	0	0	0	0	0	0	0	-1.300	-0.294	1.027	0.826	3.954	1.000	0.319	0.000	0.000	0.000	0.000	0.000	0.000	0.000	0.000	0.000	0.000	0.000	0.000	0.000	0.000	156	1144	-3	24	Error	Error	Error	-13	10	0	0	-10	34	0	0	0	0
1	3	4	"IMAGp950A1222"	"780"	2410	7230	150	229	240	111	204	231	144	18	2	0	344	354	111	322	332	163	14	0	0	0	0	0	0	0	0	0	0	0	0	0	0	0	0	0	0	0	0	1.136	1.125	0.961	1.022	3.094	0.779	0.490	0.000	0.000	0.000	0.000	0.000	0.000	0.000	0.000	0.000	0.000	0.000	0.000	0.000	0.000	156	1144	47	68	0.184	Error	Error	25	22	0	0	36	32	0	0	0	0
1	4	4	"IMAGp950A1622"	"784"	2680	7230	150	106	108	47	158	176	98	1	0	0	172	184	56	258	280	137	1	0	0	0	0	0	0	0	0	0	0	0	0	0	0	0	0	0	0	0	0	0.605	0.676	0.725	0.600	2.487	0.766	0.376	0.000	0.000	0.000	0.000	0.000	0.000	0.000	0.000	0.000	0.000	0.000	0.000	0.000	0.000	156	1144	-138	-124	-0.726	Error	Error	-52	-86	0	0	-50	-74	0	0	0	0
1	5	4	"IMAGp950A2022"	"788"	2960	7230	150	165	189	128	147	164	94	25	7	0	280	335	331	213	264	138	33	9	0	0	0	0	0	0	0	0	0	0	0	0	0	0	0	0	0	0	0	0.269	0.344	0.781	0.800	4.038	0.395	0.326	0.000	0.000	0.000	0.000	0.000	0.000	0.000	0.000	0.000	0.000	0.000	0.000	0.000	0.000	156	1144	85	164	-1.896	Error	Error	18	67	0	0	42	122	0	0	0	0
1	6	4	"IMAGp950A2422"	"792"	3230	7220	150	103	110	52	117	135	86	5	0	0	206	207	50	175	200	87	13	0	0	0	0	0	0	0	0	0	0	0	0	0	0	0	0	0	0	0	0	-0.452	-0.219	0.956	1.125	5.125	0.978	0.107	0.000	0.000	0.000	0.000	0.000	0.000	0.000	0.000	0.000	0.000	0.000	0.000	0.000	0.000	156	1144	17	25	Error	Error	Error	-14	31	0	0	-7	32	0	0	0	0
1	7	4	"IMAGp950E0422"	"868"	3510	7220	150	256	265	111	193	222	131	29	4	0	343	351	117	276	293	119	30	7	0	0	0	0	0	0	0	0	0	0	0	0	0	0	0	0	0	0	0	0.940	0.960	1.071	0.942	3.532	1.131	0.295	0.000	0.000	0.000	0.000	0.000	0.000	0.000	0.000	0.000	0.000	0.000	0.000	0.000	0.000	156	1144	130	147	-0.089	Error	Error	63	67	0	0	72	75	0	0	0	0
1	8	4	"IMAGp950E0822"	"872"	3780	7220	150	183	259	215	149	189	129	32	20	0	326	357	257	232	276	126	41	15	0	0	0	0	0	0	0	0	0	0	0	0	0	0	0	0	0	0	0	0.362	0.880	0.988	0.932	3.116	0.947	0.483	0.000	0.000	0.000	0.000	0.000	0.000	0.000	0.000	0.000	0.000	0.000	0.000	0.000	0.000	156	1144	128	235	-1.467	Error	Error	34	94	0	0	110	125	0	0	0	0
1	9	4	"IMAGp950E1222"	"876"	4060	7220	150	202	543	562	105	109	48	56	50	0	242	582	518	170	186	81	46	44	0	0	0	0	0	0	0	0	0	0	0	0	0	0	0	0	0	0	0	1.347	1.063	1.105	1.134	2.615	1.066	0.751	0.000	0.000	0.000	0.000	0.000	0.000	0.000	0.000	0.000	0.000	0.000	0.000	0.000	0.000	156	1144	169	850	0.430	Error	Error	97	72	0	0	438	412	0	0	0	0
1	10	4	"IMAGp950E1622"	"880"	4330	7220	150	108	115	49	102	108	47	24	7	0	181	188	66	168	171	34	28	9	0	0	0	0	0	0	0	0	0	0	0	0	0	0	0	0	0	0	0	0.462	0.650	1.111	1.182	4.420	2.500	0.012	0.000	0.000	0.000	0.000	0.000	0.000	0.000	0.000	0.000	0.000	0.000	0.000	0.000	0.000	156	1144	19	33	-1.115	Error	Error	6	13	0	0	13	20	0	0	0	0
1	11	4	"IMAGp950E2022"	"884"	4610	7220	150	118	128	68	105	111	48	32	10	0	190	227	112	166	172	44	40	27	0	0	0	0	0	0	0	0	0	0	0	0	0	0	0	0	0	0	0	0.542	0.377	0.765	0.825	4.630	0.472	0.073	0.000	0.000	0.000	0.000	0.000	0.000	0.000	0.000	0.000	0.000	0.000	0.000	0.000	0.000	156	1144	37	84	-0.885	Error	Error	13	24	0	0	23	61	0	0	0	0
1	12	4	"IMAGp950E2422"	"888"	4880	7220	150	103	117	62	103	109	48	20	9	0	170	193	79	163	171	47	24	14	0	0	0	0	0	0	0	0	0	0	0	0	0	0	0	0	0	0	0	0.000	0.467	1.000	0.927	3.654	1.137	0.092	0.000	0.000	0.000	0.000	0.000	0.000	0.000	0.000	0.000	0.000	0.000	0.000	0.000	0.000	156	1144	7	44	Error	Error	Error	0	7	0	0	14	30	0	0	0	0
1	13	4	"IMAGp950I0422"	"964"	5160	7220	150	480	522	333	110	558	4747	0	0	0	596	565	305	176	653	4911	0	0	0	0	0	0	0	0	0	0	0	0	0	0	0	0	0	0	0	0	0	0.881	1.059	1.058	1.167	2.639	0.964	0.860	0.000	0.000	0.000	0.000	0.000	0.000	0.000	0.000	0.000	0.000	0.000	0.000	0.000	0.000	156	1144	790	801	-0.183	Error	Error	370	420	0	0	412	389	0	0	0	0
1	14	4	"IMAGp950I0822"	"968"	5430	7220	150	108	113	50	106	111	47	19	5	0	170	174	36	166	173	45	13	1	0	0	0	0	0	0	0	0	0	0	0	0	0	0	0	0	0	0	0	0.500	0.875	1.444	1.480	3.078	0.413	0.010	0.000	0.000	0.000	0.000	0.000	0.000	0.000	0.000	0.000	0.000	0.000	0.000	0.000	0.000	156	1144	6	15	-1.000	Error	Error	2	4	0	0	7	8	0	0	0	0
1	15	4	"IMAGp950I1222"	"972"	5710	7210	150	112	119	58	102	108	47	21	9	0	186	215	86	163	169	48	40	21	0	0	0	0	0	0	0	0	0	0	0	0	0	0	0	0	0	0	0	0.435	0.327	0.916	0.902	4.438	0.357	0.031	0.000	0.000	0.000	0.000	0.000	0.000	0.000	0.000	0.000	0.000	0.000	0.000	0.000	0.000	156	1144	33	69	-1.202	Error	Error	10	23	0	0	17	52	0	0	0	0
1	16	4	"IMAGp950I1622"	"976"	5980	7210	150	100	106	49	104	111	98	3	0	0	165	169	35	158	164	77	3	0	0	0	0	0	0	0	0	0	0	0	0	0	0	0	0	0	0	0	0	-0.571	0.182	1.679	1.862	3.319	12.506	0.005	0.000	0.000	0.000	0.000	0.000	0.000	0.000	0.000	0.000	0.000	0.000	0.000	0.000	0.000	156	1170	3	13	Error	Error	Error	-4	7	0	0	2	11	0	0	0	0
1	1	5	"IMAGp950I2022"	"980"	1860	7500	150	97	107	66	97	102	46	20	4	0	174	211	181	162	167	40	27	12	0	0	0	0	0	0	0	0	0	0	0	0	0	0	0	0	0	0	0	0.000	0.204	1.318	1.515	4.670	0.228	0.086	0.000	0.000	0.000	0.000	0.000	0.000	0.000	0.000	0.000	0.000	0.000	0.000	0.000	0.000	156	1170	12	59	Error	Error	Error	0	12	0	0	10	49	0	0	0	0
1	2	5	"IMAGp950I2422"	"984"	2130	7500	150	120	140	70	98	115	81	25	5	0	202	276	140	165	185	81	42	37	0	0	0	0	0	0	0	0	0	0	0	0	0	0	0	0	0	0	0	0.595	0.378	0.479	0.595	3.888	0.352	0.201	0.000	0.000	0.000	0.000	0.000	0.000	0.000	0.000	0.000	0.000	0.000	0.000	0.000	0.000	156	1144	59	153	-0.750	Error	Error	22	37	0	0	42	111	0	0	0	0
1	3	5	"IMAGp950M0422"	"1060"	2410	7500	150	168	212	139	194	228	147	17	4	0	292	318	124	291	325	169	13	1	0	0	0	0	0	0	0	0	0	0	0	0	0	0	0	0	0	0	0	-26.000	0.667	1.086	1.045	3.350	0.801	0.559	0.000	0.000	0.000	0.000	0.000	0.000	0.000	0.000	0.000	0.000	0.000	0.000	0.000	0.000	156	1144	-25	45	Error	Error	Error	-26	1	0	0	18	27	0	0	0	0
1	4	5	"IMAGp950M0822"	"1064"	2680	7500	150	255	252	98	246	257	114	11	3	0	455	488	156	418	441	193	11	4	0	0	0	0	0	0	0	0	0	0	0	0	0	0	0	0	0	0	0	0.243	0.086	1.345	1.251	5.144	0.164	0.035	0.000	0.000	0.000	0.000	0.000	0.000	0.000	0.000	0.000	0.000	0.000	0.000	0.000	0.000	156	1144	46	76	-2.040	Error	Error	9	37	0	0	6	70	0	0	0	0
1	5	5	"IMAGp950M1222"	"1068"	2960	7500	150	107	114	50	171	188	106	0	0	0	175	183	47	293	318	179	0	0	0	0	0	0	0	0	0	0	0	0	0	0	0	0	0	0	0	0	0	0.542	0.518	0.605	0.534	2.258	0.676	0.411	0.000	0.000	0.000	0.000	0.000	0.000	0.000	0.000	0.000	0.000	0.000	0.000	0.000	0.000	156	1144	-182	-167	-0.883	Error	Error	-64	-118	0	0	-57	-110	0	0	0	0
